740 35 219 86 11 399 258 116 469 180 467 377 199 413 124 429 153 428 20 317 338 248 123 441 160 202 59 216
109 438 235 194 239 329 133 363 97 496 281 13 277 482 244 184 413 205 50 373
884 244 290 492 266 388 155 6 79 447
634 108 81 356 408 268 169 367 382 421 130 329 247 451 173 66 41 239 263 287 477 246 377 417 413 34 410 55 124 499 364 54 18 319 339 469 431 336
518 345 116 205 26 246 454 84 477 25 420 160 339 86 338 451 447 66 329 287 85 277 490 363
924 345 454 356 41 413 54 377 334 258 287 169 34
71 26 338 116 432 62 160 194 330 386 246 164 199 423 418 467 100 490 499 284 431 438 354 153 125 34 119 352 73 169 161
701 405 339 430 101 274 468 164 337 454 178 438 413 124 179 329 277 408 464 56 227
729 454 410 339 54 417 499 464 413 137 21 189 41 337 206 377 62 330 390 411 246 26 188 237 465 160 115
205 372 337 55 54 277 283 467 144 356 258 134 130 10 1 405 86 377 116 199 149 35 468 111 454 21 244 339 304
527 177 482 50 317 68 207 199 431 284 86 395 174 97 283 93 40 484 153 64 467 257 339 338 364 168 354 499 90 345 293
637 336 153 96 86 246 499 480 431 454 66 464 408 337 363 413 435 188 224 293 146 251
848 64 338 179 116 346 477 199 482 284 448 39 86 68 119 386 124 270 336 227 90 421 2 320
969 190 293 16 329 354 116 246 405 60 363 390 224 338 147 100 160 161 124 447 431 336 232 312
826 444 337 86 53 160 417 195 206 130 465 408 338 252 116 356 262 146 479 7 257 454 97 354 319 467 336 345 212
187 269 447 193 164 232 62 477 344 190 490 343 318 492 152 237 217 404 124 382 336
316 405 266 206 458 114 193 298 404 307 336 463 121 52 338 396 490
407 120 66 231 124 426 431 41 206 499 297 47 477 391
954 164 62 377 467 41 491 477 194 402 249 159 363 451 239 345 257 464 65 105 1 413 277 423
435 438 384 386 185 369 426 194 64 124 431 59 389 41
105 35 449 296 324 160 114 405 430 207 377 355
554 4 90 239 251 130 408 56 7 68 187 316
802 288 78 390 420 255 467 23 146 337 189 55 319 153 421 322 339 203 277 31 317 345
259 477 33 465 346 329 97 146 41 405 425 387 114 246 230 199 444 160 164 258 474 410 162 212 408 354 86 50 430 337 451 438 101 277 336 469 345 381
825 475 482 207 113 244 40 418 186 449 239 477 403 251 187 465 248 184 117 130 377
296 96 97 342 312 363 26 399 50 174 317 482 413 278 243 175 251 93 337 386 212 160 9 284
793 212 7 160 68 57 337 246 262 4
96 196 363 317 40 164 244 261 337 41 364 71 339 274 66 56 239 345 329 466 277 50 130 451 464 33 111 257 169 370 194 420
777 339 337 413 377 35 153 162 331 130 33 212 179 133 34 19 329 267 201 124 322 234
723 41 206 356 362 490 479 146 407 61 33 475 239 160 477 438 246 499 66 291 337 62 390 195 152 21 405 187
436 399 356 337 276 441 394 246 179 8 267 329 238 207 239 117 408 96
50 287 363 264 454 153 277 410 467 96 180 160 431 186
83 497 262 159 260 322 118 377 405 307
917 46 247 173 124 251 438 386 62 496 43 21 411 431 418 56 345 336 225 326 111 97 469 248 464 477 410 64 153 490
81 335 266 237 319 420 279 464 221 153 177 356 249 190 147 438 108 465 349 477 478 463 330 257 210 471 246 21 131 41 84
491 195 463 345 383 354 336 338 86 492
333 431 62 387 283 374 40 64 244 345 194 239 266 386 492 405 93 269 11 204 47 347 363 402 20 97 336 96 467
385 345 199 160 34 146 111 371 499 467 277 114 116 339 153 399 130 290 354 278 482 372 40 56 405 51 207 408 413 286 307 356 329 468 57 317 386 173 338 21
941 326 62 468 248 187 195 451 1 337 55 429 160 413 312 304 329 277 460 56 408 151 287 482 447 0 330 206 40 477 405 286 363
152 336 359 116 332 175 162 86 321 278 179 212 159 408 338 97 322
756 121 216 116 262 246 239 79 199 35 405 337 314 179 345 34 86 479 430 354 336 458 338
20 54 313 329 179 338 408 104 33 323 124 354 337 199 407 356 377 363 116 160 345 25 246 421
392 244 144 295 150 422 490
590 405 34 55 431 292 194 451 28 47 130 261 399 339 199 116 153 14 345 337 338 421 408 364 281 318 277 467 336 288 492
867 490 232 49 369 396 282 293 160 413 137 464 244 251 408 124 62 451 287 239 499 237 431 81 155 16
374 224 479 390 146 335 356 84 206 169 337 21 41 417 246 436 464 62 241 336
639 368 130 187 227 337 99 51 56 336 329 124 363 431 339 54 317 21 104 239 153 55 467 281 499 365 160 41 464 451 248 477 438 454 413
763 336 402 356 287 278 40 62 354 160 451 430 329 387 393 377 124 116 422 97 262 199 479 117 461 324 41 405 338 153 244 464 423 345
858 469 423 186 468 360 180 54 429 164 56 345 362 499 244 477 334 133 187 53 40 117 134 356 410 153 246 239 41 181 66 130 372
528 252 137 317 108 481 304 469 386 135 368 482 408 287 377 34 62 59 111 33 94 339 330 237 283
285 153 227 258 251 160 247 59 81 104 467 263 454 413 363 287 317 93 124 20
54 160 153 377 55 479 423 354 115 179 451 338 56 464 408 317 330 469 239 492 363 465 86 255 116 454 411 329 339 499 195 246 356 438 477 194 431 175
417 477 451 275 328 441 66 363 494 179 146 407 51 53 133 341 365 286 480 187
503 382 312 499 423 481 135 408 56 93 438 467 153 431 329 277 336 261 356 247 464 451 160 330 169 41 274 191
143 10 121 153 430
48 129 85 59 124 50 340 271 481 336 211 42 93 374 459 273 117 184
976 192 318 244 344 152 175 81 372 417 430 84 481 97 130 336 382 202 232 101 431 405 263 257 281 352 1 464 177 261 397 386 230 52 64 234 93
240 251 337 81 186 361 279 202 227 345 405 443 484 492
859 492 57 267 71 479 116 164 330 66 364 196 451 179 408 454 287 199 467 438 135 293 423 420 313 354 499 337 431 477 338
314 492 464 318 431 356 354 463 329 41 338 199 499 124 239 335 232 345 116 151 86 488
934 490 95 152 386 354 338 185 74 168 330 345 499 86 140 340 244 482 239 429 419 352 301
248 104 163 469 465 162 479 262 122 335 160 451 179 345 187 34 413 287 454 195 317 363
832 454 75 164 183 448 40 339 373 451 33 413 153 18 233 405 248 206 386 317 467 354 497 330 464 57 54 363 187 114 408 496 322
972 239 107 410 277 249 137 317 436 406 492 174 96 339 469 313 59 55 438 258 133 479 477 99 54
712 59 492 195 232 53 340 449 480 432 34 318 133 62 132 363 115 490
252 218 480 177 133 340 247 18 81 277
395 133 94 478 174 43 202 235 113 281 184 465 209 418 271 238 370
546 408 277 175 231 93 47 111 248 377 438 264 124 113 123 499 160 41 96 199 339 467 122 338 418 434 227 482 454
260 431 42 287 364 293 239 470 196 389 66 257 313 329 250 258 77 499 142 337 97 423 340 421 87 368 243
383 84 88 21 258 345 368 390 337 420 413 339 335 363 160 89 356 34 130 499 107 149 468 319 479 329 340 179
862 144 451 207 201 258 211 40 62 282 311 244 247 202
223 448 284 21 413 244 40 372 62 173 355 386 352 467 251 194 130 485 248 490 153 421
663 264 417 128 436 51 194 390
652 133 86 130 336 62 114 354 160 471 464 16 338 195 255 408 438 396 359 258 127 53 124 116
241 275 13 465 460 250 151 80 238 410 418 174 181 117 247 489
390 482 499 223 329 469 59 86 467 113 411 317 408 279 413 21 454 186 251 116 194 53 130 451 33 51 464 153 258 418 55 1 287 160 124 232
141 179 410 337 86 408 318 396 199 404 169 463 55 499 21 118 16 42 161 14 194 431 20 368 465 374 232 271 451 346
841 406 206 415 354 116 492 339 188 210 152 431 338 373 117 55 294 221
219 41 288 209 330 246 252 420 232 467 160 146 499 52 318 282 169
80 212 262 359 339 430 405 195 317 371 162 160 1
935 377 337 408 246 356 261 499 133 287 164 324 0 206 354 338 451 70 232 413 234 463 269 335 135 104 62 345 237 436 173
627 87 457 258 406 330 74 377 191 499 356 438 46 267 33 144 420 408 477 239 110 153 396 97 451 237
907 337 179 101 212 260 405 246 230 346 430 262
728 93 114 346 146 497 408 162 19 474 153 4 336 377 212 262 90
998 164 337 199 356 438 117 293 339 261 368 363 116 174 124 345 86 155 236 179 239 41 421 187 130 465 160 21 341 354 235 408 211 287 277
312 132 77 365 194 363 102 264 93 467 339 124 413 174 122 153 410 227 287 454 29 408 475 47
450 490 479 447 40 330 407 285 292 301 376 244
984 59 55 413 187 454 496 255 317 429 54 408 56 287 1 468 329 133 51 423 160 439
681 86 438 481 413 274 445 360 34 347 194 223 330 135 499 451 464 329 317 319 454 175 287 41 423 246 335 56 164 181 326 116 468 244 209 396 117 339 124 153
584 420 337 357 330 53 164 287 52 345 160 454 232 390 463 62 408 387 339 41 421 21 479 464 108 458 410 404 239 396 14
615 246 464 368 335 130 467 108 499 345 340 241 468 277 160 420 356 33 480
467 10 56 402 490 219 415 346 408 98 285 53 468 317 216 117
906 283 1 431 352 451 386 66 284 31 413 307
869 86 223 493 254 338 116 336 249 289 345 335 354 339 160 388 153 356 329
350 216 413 219 121 336 386 115 479 195 284 64 346 19 8 405 377 430 271 387
378 490 489 354 450 168 244 408 164 448 86 61 191 363 467 439 140 429 421 482 410 3 345 214 199 150
508 186 345 130 463 146 133 39 199 284 464 379 386 54 330 405 468 337 467 431 6 21 37 194 257 124 377 116 336 62 53 354 356 179 334 68 283 252 153 363
279 86 21 499 124 293 258 338 107 451 145 227 1 421 339 223 363 319 164 47 472 277 413 111 251 81 18 356 246 454 431 26 225 365 417 482 287 199
856 34 339 413 118 189 81 341 393 482 336 160 451 187 363 421 465 386 54 51 499 186 203 469 180 368 59 146 130
153 249 131 469 492 174 404 312 471 237 346 155 318 19 292 33 406
52 499 481 40 180 410 192 442 258 363 360 339 174 160 277 286 169 25 117 408 329 477 287 150 87
794 293 338 62 21 318 451 106 131 124 42 169 469 454 41 464 477 86 421 463 345 94 287 55 246 51 431 164 111 160 438 436 224 354 194 16 239
746 244 207 448 180 372 482 106 64 317 40 270 352
158 399 90 11 199 86 354 337 21 363 116 345 392 153 19 441 346 79 474 403 97 251 428 175 413 160 93 39 451 386 336 287 54 335
242 76 492 91 406 464 312 0 221 479 74 232 319 356 336 417 52 382 343
15 173 250 108 379 186 153 205 368 247 345 264 482 14 160 287 469 96
499 108 406 339 374 247 356 408 477 335 468 317 329 135 143 186 410 417 33 261 287 235 469 206 55 273 424 70
255 39 317 451 382 68 220 338 431 199 377 86 399 449 179 395 246 88 340 421 337 389 133 287 464 53 31 345 499 116 241 26
159 345 488 407 86 477 317 337 116 493 77 368 338 329 199
549 155 41 301 318 499 364 108 317 464 232 185 471 463 122 330 319 368 62
464 117 464 423 336 317 249 499 342 174 477 431 62 232 130 269 18 146 492 318 454 135 246 134 160 363 440 279 410 303
114 160 155 467 477 360 41 413 271 345 93 251 463 469 317 278 19 180 116 368 386 129 279 50 427 247 181 354 451 287 189 59 108 484 199 448 454
981 342 179 29 337 418 434 93 499 287 477 464 111 227 175 336 124
595 391 351 241 91 400 490 129 368 487
629 287 1 220 160 363 248 172 186 467 40 418 125 340 499 153
150 308 390 463 62 387 234 189 412 261 277 130 377 479 21 239 153 363 317 411 80 39
55 428 11 179 95 248 325 116 153 199 168 336 125 26 186 345 140 399 411 418 431 220 38 340 93 346 205 271 86
666 251 283 346 355 354 191 352 64 441 124 227 467 50 160 386 405 62 463 330 116 499 86 284 431 428 248 214 394 244 11 264 377 153 278
147 423 479 410 239 152 413 477 469 339 313 41 186 396 1 76 363 194 368 60 464 438 499 130 335 395 124 451 104 108 246 218 283 117 280 279 160 196
640 195 497 354 130 486 336 337 146 499 346 430 90 287 468 124 435 405 345 431 199 57 338 492 360 86 62 234
269 429 465 263 242 277 413 160 173 186 317 454 104 410 360 204
137 152 100 16 406 402 70 274 79 396 423 397 189 492 62 74 393
311 66 464 239 31 364 356 261 246 460 50 164 305 169 41 52 361 109 274
379 410 108 417 88 115 50 451 393 164 30 467 41 464 251 469 423 186 79 194 454 477 413 175 350 479 363 160 124 283 279 246 360
876 175 11 428 54 36 19 449 336 329 394 474 118 260 277
938 360 239 106 189 102 370 11 220 441 343 428 66 340 492 471 482 247 84 93 317 469 205 274 206 108 232 399 395 26 490 424
625 301 206 386 6 246 382 86 130 408 116 199 62 147 60 384 287 404 468 338 492 21 129 284 124 194 336 354 339 118 345 481
492 464 454 124 159 19 195 212 133 497 114 492 322 468 263 356 408 41 287 234 86 35 403 288 405 169 330 53 423 179 277 258 337 260 336 116 421 346 160
457 408 326 56 160 440 312 164 423 397 455 468 419 108
228 113 317 360 263 181 9 13 429 363 194 258 410 466 454 413 355 160 469 478 137 419 122 427
97 408 54 1 464 317 354 465 319 338 55 467 277 189 199 469 116 481 173 153 111 179 482 160 130 434 59 429 337 287 411 203 451 34 258 187 345 339
261 337 244 11 60 185 394 251 428 284 168 202 140 55 160 405 186 345 338 398 194 386 441 34 467 288
384 309 160 312 199 288 477 421 21 52 246 62 287 374 404 396 32 239 164 471 499 492 343 117
900 160 467 377 363 180 108 279 124 50 55 97 111 104 86 413 54 451 59 336 40 116 96 355 61 247 173 479 132 362 499 51 491 345 410 356 440 438 317 295 287
479 139 147 54 152 346 232 480 177 130 436 454 41 160 464 413 356 377 188 99 117 169 21 318 339 335 420
443 345 317 164 117 175 116 290 215 86 354 448 153 333 352 284 270 421 64 198
651 41 124 287 329 382 21 160 92 168 258 194 179 133 274 421 175 47 286 6 330 96 492 436 430 118 244 146 328 57 441 363 140 195 346 277 317 405 111 62 169 164
360 267 368 239 493 294 298 340 492 479 287 104 192 336 246 234 24
565 174 394 346 251 124 408 451 338 368 454 258 441 477 140 395 86 413 354 345 199 227 111 19 160 339 279 317 329 246 54 467 11
641 149 454 175 352 64 293 448 29 144 467 251 93 51 124 363 199 202 86 351 354 284 96 482 345 122 174 499 264 431 153 90 451
194 482 1 434 239 335 356 194 124 481 305 169 17 261 436
420 411 376 408 423 337 338 287 454 21 143 274 104 50 247 336 42 258 130 395 86 199 174 339 108 33 364 160 137 66 146 177 122 317 431 499 477 481 469 54 124 465 354 438 169
895 410 244 40 338 413 277 284 86 352 248 345 160 59 169 287 251 372 41 429 329 363 153 123 354 111 194 199 386
840 53 480 421 155 365 54 411 66 223 33
75 53 454 124 153 28 62 86 248 336 164 205 287 199 337 41 464 413 173 175 251 117 466 479 104 467 317 180 355 363 368 258 397 338 246 34 9 244 47 278 160
337 50 123 329 94 235 137 339 370 251 277 143 59 450 263 216 338 481 103
434 330 97 260 121 19 314 322 114 342
578 238 326 143 25 179 440 35 243 261 135 480 431 396 85 146 293 155 121
185 108 418 180 60 232 413 377 490 317 477 330 318 155 194 375 289 132 173
118 76 62 250 431 33 420 339 129 133 236 277 137 58
98 420 69 232 6 175 194 356 451 467 468 345 389 116 220 340 423 431 477 421 160 62 199 338 146 86 354 169 41 124 408 261 189
861 369 451 180 218 354 338 490 144 173 413 116 429 86 207 251 3 287 153 110 467 409 457
674 124 41 436 258 335 463 158 261 464 451 264 287 340 257 363 169 164 413 174 374 396 21 152 423 477 356 364 293 84 431 243 246 34 132 54 368 85 160 135
136 160 477 345 274 153 404 346 317 267 52 236 396 482 21 232 338 382 464 50 116 468 438 247 74 41 227 239 124 86 492 406 335 330 408 420 130 431 34 287
622 206 405 195 221 55 447 143 248 187 287 413 169 41 479 30 355 244 50 153 411 249 293 329 277 237 363 1 131 408 356
468 122 490 499 448 352 350 49 153 318 227 467 286 244 93 438 19 434 62
108 239 495 158 164 449 144 291 122 330 189 394 373 267 459 53 133 135 62 336 423
388 340 164 421 220 24 450 54 413 20 386 242 246 451 403 356 179 499 90 39 184 204 345 207 56 284 482 255 336
749 26 363 47 451 125 227 202
200 56 124 337 54 41 435 329 465 339 199 317 277 239 413 417 117 454 155 438 86 104 33 480 25 338 66 96 177 421 135 246 345 356 354 187 368 287
6 377 411 492 155 479 336 499 108 130 414 41 468 160 60 124 6 423 116 252 345 251 239 356 199 21 169 330 408 153 246 464 354 11
929 117 465 326 51 440 373 277 273 43 247 135 143 108 136 469 481 173
760 21 339 356 395 47 87 116 408 41 354 199 335 104 363 317 413 173 477 454 451 187 421 160 423 66 86 54 251 338 247
342 255 396 464 318 246 329 50 245 356 368 129 153 194 479 193 467 94 169 160 312 41 130 454 294 284 54 308 244
923 459 164 396 194 169 46 108 188 174 335 408 406 477 124 465 404 41 468 246 21 74 420 330 158
782 327 34 338 5 260 169 419 479 116 410 464
0 56 260 139 324 290 207 151 146 497 230 212 114 346 162 322 461 399 133 469 380 233 480
608 352 474 439 47 199 86 338 187 68 93 61 354 123 295 268 320
439 386 266 441 65 195 352 394 284 123 251 276 124 307 448
429 183 447 104 147 432 463 79 198 396 269 158 294 492 76 146 58 192 243
220 365 174 339 81 104 312 317 86 481 377 465 205 62 496 248 116 198 338 373 354 55 85 160 145 9 59 319 100 454 438
198 408 434 323 345 436 206 188 407 174 153 410 468 255 21 130 356 55 258 56 396 274 346 11 469 405 33 239 146 34 115 277 390 160 336 212 262 0 187 287
169 282 450 248 161 355 499 191 479 377 267 372 200 274 118 339 370 40 424 239 218 93 386
827 413 379 249 285 194 138 438 240 237 395 312 466 130 324 406 490 96 387 283 411 137 33 422 164 44
375 62 26 155 499 435 124 41
140 354 405 356 179 345 284 116 117 336 64 86 386 262 337 346 338 146 212 195
695 18 251 284 242 413 153 352 336 160 86 199 62 338 49 354 26 197 1 93 64 185 451 124 454 340 125 195
881 409 467 454 286 345 386 96 413 33 363 408 40 277 282 423 439 368 450 251 411
720 16 90 206 232 405 464 363 220 410 41 124 116 62 177 179 181 430 160 356 337 338 86 413 354 415 246 317 465 40 114
133 427 85 467 173 354 86 363 116 429 373 187 317 360 54 411 59 268 413 345 93 481 454 469 250 287 244
286 96 438 423 372 186 330 116 408 41 354 199 482 261 258 246 413 364 477 454 451 248 251 160 50 6 86 54 194 338 336
594 413 410 411 196 50 274 364 345 62 246 41 279 135 111 287 143 464 263 477 255 211 137 460 94 46 382 277 243 499 221
58 465 336 274 474 239 287 41 66 248 421 293 354 396 417 124 408 382 16 96 438 188 201 246 330 356 454 464 107 86 169 470 160 116 394
791 469 64 55 111 467 411 300 251 211 421 160 153 465 13 363 244 93 41 454 194 413 108 33
125 499 484 106 413 337 199 354 338 59 194 248 277 251 186 454 1 284 64 107 286 153 467 86 13 363 345 160 434 468 143 130 93 97 104
525 405 490 160 118 330 130 377 97 163 318 414 35 124 422
812 203 88 242 482 1 194 26 153 431 204 395 220 340 386 451 246 160 78 413 38
49 480 133 66 363 387 34 296 50 41 27 108 160 134 334 33 377 471 465 382 417 421
915 430 86 243 39 387 403 354 338 54 251 467 79 248 346 199 336 330 479
780 239 337 25 330 338 116 314 267 430 396 178 160 215 101 199 329 212 262 251 336 408 438
502 132 186 335 70 354 338 479 465 174 31 88 436 405 469 345 86 62 287 220 492
724 381 444 483 12 337 159 425
267 140 454 287 220 205 114 41 244 4 356 240 164 172 239 103 40 93 457 482 200 186 246 345 438 8 257 386 340 97 95
88 62 330 468 175 336 499 56 21 337 287 346 124 258 18 239 364 405 408 415 135 338 238 492 160 246 431 64
62 360 251 386 186 150 490 352 164 281 311 443
933 206 41 499 330 62 469 239 368 188 454 124 196 252 339 317 160 279 413 287 408 183 146 431 135 336 343 257 21 406 130 492
116 396 337 54 235 116 187 59 258 336 199 178 246 56 408 438 62 335 423 339 160 107 86 477 338 469 481 345 43
511 350 492 288 116 1 287 352 180 329 307 354 477 199 277 6 160 490 410 244 90 164 284 423 64 377 432 479 338 195 434 290 292 174 421 372 251 371
380 263 113 247 64 173 248 130 186 34 81 499 451 386 341 117 365 1 352 153 124 317 175 438 401 360 174 363 258 368 137 187 155
353 248 187 117 405 124 484 434 363 179 166 330 266 403 438 247 146 490 96 287
928 479 386 405 265 345 322 180 317 56 337 220 230 153 324 490 338 41 340 287 277 428 290 160 430 248 238 163 413
237 71 388 107 301 343 285 185 237 492 187 419 423 269 447
394 418 338 104 258 421 284 186 203 175 90 239 64 337 251 248 423 93 187 268 39 184 440 454 153 117 467 173 287 474 252 345 246 354 363 146 386
964 99 90 62 389 146 39 252
69 464 408 356 390 454 177 479 277 346 337 429 354 137 336 335 246 468 345 492 124 19 0 377 261 255 239 363 499 405 477 179 164 56 62 317 266 116 130
685 188 107 390 436 52 258 413 408 336 62 477 132 396 16 417 146 194 108 499 319 404 246 335 124 174 363 261 21 463 287 420
963 232 319 55 329 423 60 469 108 477 261 421 438 194 356 164 317 384 335 124 408 464 499 362 104 107 169 160 50 431 287 152
295 354 140 453 93 467 251 199 338 284 454 41 175 130 64 161 398 363 1 86 124 28
232 93 386 345 64 97 124 295 338 300 199 86 290 270 116 354 61
696 386 352 284 244 205 429 242 268 336 64 38 40 168 295
57 62 116 269 387 160 169 185 234 124 336 382 405 287 345 246 423 356 318 294 464 220
10 265 242 123 199 345 395 26 49 354 386 64 205 482 245 352 86 204
480 124 243 277 477 139 431 116 13 338 169 421 160 266 317 41 47 62 287 492 493 490 454 206 438 164 337 135 395 339 364 499 21 437 467 211 86 99 363
72 55 174 111 482 363 124 467 408 130 244 279 317 258 287 153 2 451 283
433 277 317 413 469 339 160 396 246 274 464 117 153 53 258 434 421 54 80 251 345 467
430 160 194 50 33 117 64 267 436 169 108 492 41 130 477 124 186 21 396 261 239 339 463 185 284 1 438 16 499 62 116 469 447 74 161 258 164 479 317 352 464
658 482 354 116 59 168 352 40 474 499 244 372 338 451 53 123 36 64 448 81 270 258 86 97 124 385 207 355 54 337 403
171 354 243 394 386 70 107 492 284 317 477 143 41 480 59 345 206 499 164 335 86 130 465 455 194 97 251 352 338 124 64 428 62 261 431 199 139 246 108
805 163 430 77 173 20 337 261 220 346 88 159 413 262 162 212 464 78 95 310 405 356
110 338 346 179 477 337 114 116 1 336 287 479 330 335 430 462 413 454 153 457 130 423
401 386 137 261 464 187 114 364 44 169 194 34 478 338 199 50 405 179 431 86 116 62 354 323 96
254 499 122 47 62 20 147 317 239 29 466 227
317 164 449 430 330 479 54 267 411 334 317 405 336 234 377 118 490 114 387
707 431 206 408 11 116 97 337 25 430 130 54 238 205 468 499 62 199 287 207 467 244 405 330 324 345 338 424
177 362 434 34 406 356 232 153 119 467 413 363 117 417 368 469 194 318 247 339 218 6 499 336 287 492 343 317 329 239 54 412
328 490 416 72 227 194 368
809 479 451 278 335 160 499 464 346 246 345 386 420 337 356 317 448 97 467 403 28 6
741 47 227 30 418 438 113 26 368 356 251 96 489 187 469 281 28 248 239 122 186 220 111 20 153 341
611 476 322 195 230 262 444 114 479 148 98 307
975 246 363 239 377 199 356 345 335 430 452 86 241 116 354 101
151 365 47 499 280 26 368 122 106 264
431 377 116 153 469 195 53 337 133 267 179 329 199 86 277 468 212 368 252 467 338 227 80 57 130 290
493 356 451 160 464 257 190 469 318 155 146 42 363 317 287 274 492 480 312 62 108 188 164 413 21 187 396 404 410
399 169 246 430 423 363 41 194 382 464 188 380 337 54 257 239 47 335 21 387 345 346 368 34
132 322 46 432 318 499 11 230 152 428 336 101 441 93 408 399 10 287 62 339 232 382 403
509 408 103 93 410 199 450 205 482 421 186 66 111 354 467 1 345 53 284 329 338 468 130 187 484 244 258 28 202 263 124 92 251 439 339 86
899 155 408 318 158 169 335 490 70 257 246 239 107 468 340 396 404 21 420 343 41 52
620 88 106 475 486 47 368 21
478 438 277 257 368 194 411 477 421 451 146 386 41 499 335 160 364 356 336 247 464 137 209
363 345 479 175 451 354 481 212 405 330 239 329 234 492 255 339 287 160 180 410 116 93 338 262 454 146 98 104 179 153 467 438 277 386 408 207
804 68 261 408 336 116 274 1 160 386 287 356 235 363 421 468 352 338 445 62 354 39 124 364 60 199 284 54 345 64
778 21 251 99 482 184 155
568 173 269 302 312 404 52 76 490 60 421 431 271 149 382 318 384 133 122 305 342 130
544 130 408 469 281 258 199 451 90 277 319 20 86 246 108 116 153 454 160 118 99 18 337 169 174 239 288 496 396 339 377 464 345 317 404 173 356 354 27 59 335 418 465
46 221 354 86 243 62 318 143 16 167 263 338 194 342 52 54 96 257 32 382 51
997 490 258 99 255 169 107 66 195 59 41 104 465 115 287 317 62 239 454 141 18 405
85 423 103 469 409 232 477 413 251 447 86 434 200 255 308 104 153 116 50 405 482 34
504 111 368 239 41 76 396 195 116 492 345 336 356 479 405 464 354 338 337 58 188 224 423 330
181 459 158 281 394 34 441 342 410 484 480 370 96 17 175 93 117 135 187 137 428
294 135 343 440 406 464 243 34 330 41 469 164 232 50 257 206 492 59 104 190 263 479
373 386 251 41 391 258 246 263 255 55 158 1 62 232 339 99 66 423 454 56 408 50 329 108 287 206
579 430 33 408 299 199 479 179 11 336 54 101 467 441 153 399 178 394 390 230 345 8 86 377 338 464 207 354 114
765 424 386 173 94 104 16 267 239 302 438 258 164 62 337 410 431 469 35 468 390 499 490 238 50 235 342 326 356 169 330 109 74 274 117 87 417 199 464 477 336 0 492 196 97 167
201 453 287 140 50 124 123 499 467 490 265 413 168 363 54 284 64 454 336 386 451
244 318 406 131 405 337 309 364 477 345 421 164 471 71 420 195 386 241 160 84 16 312 257 60 169 294
545 232 465 391 451 479 377 35 244 405 160 41 469 239 195 432 419 130 363 360 413 318
398 21 143 273 360 174 466 326 440 396 468 246 54 376 317 363 160 96 481 329 124 339 41 318 431 410 279 81 499 287 471 477 135 438 277
318 409 330 499 432 353 369 492 352 448 457 64 424 262 284 386 355
38 330 153 59 477 1 423 386 434 180 54 454 287 277 160 413 135 267 408 79 440 429
186 287 338 391 354 174 211 471 194 352 368 467 116 93 345 64 255 429 395 81 248 244
190 55 40 410 273 180 59 247 317 395 164 469 263 481 408 235 251 110 95
566 130 153 131 232 482 149 475 223 247 190 312 465 54 71
959 299 413 51 405 314 195 277 35 336 337 480 339 346 55 186 1 19 33 464 160 258 271 260 468 377 216 394
521 345 335 169 364 317 287 404 160 363 21 499 436 356 462 164 196 239 74 382 464 246 293 93 420 85
745 423 160 117 330 258 130 477 164 293 51 336 246 232 499 363 454 287 329 411 479 317 284 413 403 457 466 338 213 186 451 290 124 30 218 108 360 41 352 99 80 116 345 0
262 124 41 440 339 179 153 354 496 467 54 199 160 118 59 86 410 454 363 117 377 373 155 287 198 438
138 338 20 86 386 362 251 202 116 484 465 345 173 258 149 30 363 287 160 199 413 451
176 403 130 232 287 334 435 277 164 257 339 209 66 417 477 52 356 382 169 239 396 122 471 465 408 218 147 468 246 318 329 160 421
904 345 8 315 212 162 239 86 146 252 444 199 337 121 179
671 97 356 130 244 186 154 124 338 118 9 284 164 53 135 153 258 464 408 86 330 354 64 116 1 274 438 80 386 336 382 108 50 117 411 279 492 417 66 246
466 85 339 317 173 337 434 25 277 238 295 179 263 451 370 33 212 408 7
393 16 209 246 25 11 274 175 318 151 93 97 238 96 19 434 336 56 403 52 118 464
529 20 277 426 288 370 160 336 134 469 363 130 247 286 451 345 264 135 55 30 187 142
803 404 365 345 244 152 79 21 396 346 364 155 421 177 277 81 164 243 246 330 215 279 41 145 281 464 356 137
633 114 169 194 464 397 91 390 233 499 404 107 330 101 222 178 405 59 337 469 430 481 260 322 279 294
454 270 492 423 251 438 429 153 355 410 47 377 451 338 363 386 173 479 345 244 352 329 408 317 187 290 64 86 405 287 431 116 124 336 199 447 454 346
207 374 311 97 338 328 116 177 174 345 86 175 423 153 92 44
477 134 475 89 155 132 43 428 311 267 435
167 465 454 386 169 464 278 108 124 404 257 413 287 363 345 499 337 468 329 16 33 382 199 111 435 246 164 28 175 86 434 239 149 492 451 137 53 408 264
376 284 260 337 407 386 6 338 405 114 417 346 499 239 323 404 246 329 86 52 179 41 116 492 431 354 164 352
706 410 177 173 466 451 258 283 338 247 116 124 374 86 279 104 438 199 354 356 41 109
872 408 160 173 451 390 345 55 338 255 246 56 339 243 438 382 164 99 199 410 421 130 354 90 188 317 482 465 39 247 153 53 194 468 277 104 481 54 174 258 192 279 116 499 41 363 124 66 417 413
790 364 274 492 390 90 212 377 411 26 64 474 0 130 386 205 335 481 464 147 88 352 91 97 356 186 387 370 62 395 11 458 252 413 187 479
742 138 284 336 244 206 152 492 397 463 387 312 386 352 479 405
726 41 29 187 391 244 186 326 147 411 89 335 239 50 246 250 164 362
735 405 240 463 48 479 415 260 318 206 430 335 237
927 403 457 413 123 153 430 270 338 484 282 345 28 346 215 8 175 467 202
45 190 251 130 145 263 399 203 469 423 50 279 459 345 356 81 66 303 261 169 41 477 499 53 196 365
120 53 338 153 187 287 454 354 64 362 1 133 8 330 467 199 258 86 431 499 363 123 160 413 438 251 140 317 336
558 465 21 328 199 179 408 345 338 273 34 277 481 15 51 391 45 92 160 438 434 469 258 85 354
647 303 312 382 292 417 21 496 180 152 402 492
142 337 212 262 430 479 34 233 260 57 346 381
820 426 140 36 490 227 395 284 64 168 160 86 354 199 338 336 185 116 448
182 371 195 293 330 284 336 354 490 318 338 86 64 39 68 352 199 307 90 185
871 307 56 194 287 399 130 269 111 146 413 160 315 34 329 80 1 317 363 469 118 41 251
821 123 472 223 423 209 365 367
874 405 233 429 424 336 26 121 372 166 264 448 40 270 62 235
495 71 130 174 479 363 492 451 160 336 329 337 240 16 108 237 408 258 396 287 477 21 209 261 499 239
173 499 420 209 417 356 421 74 194 54 477 257 160 430 41 408 317 79 319 147 463 382 335 330 368 53 465 239 118 267 363 365 50 146 108 337
315 372 326 202 207 484 398 123 482 311 489 56 457 477 37
556 283 218 194 214 329 255 191 197 338 227 420 499 360 196 464 261 164 116 246 86
980 467 329 360 263 143 411 186 235 377 303 271 160 1 198 363 317 468 96 489 454 418 440 408 429 279 153 251 151
168 287 337 59 405 336 201 430 179 19 345 354 212 199 36 346 322 86 338 317 116 121
855 117 80 451 334 155 467 258 108 21
913 274 454 288 499 84 53 340 160 117 146 261 317 257 345 334 243 335 239 88 356 377 420
538 5 284 384 405 499 431 212 415 464 346 479 64 206 62 382 412 19 481 121 33 292 294 312
853 54 12 187 277 454 381 479 86 315 130 246 329 464 252 425 258 21 477 116 160 451
678 377 180 467 278 489 336 494 28 413 399 428 64 394 175 160 352 441 248 251 346 93 227 438 41 153 434 244
264 418 198 4 239 499 179 181 97 116 263 86 244 153 337 160 363 293 345 431
289 451 104 287 448 89 468 187 329 386 277 408 1 111 94 413 180 467
978 490 404 86 45 14 62 41 84 390 169 178 288 318 396 335 188 117 118 21 330 405 116 336 356 232 464 332 8 463 337 160 346
817 412 62 464 298 471 58 493 318 492
532 56 274 241 214 492 40 93 421 499 356 479 186 418 389 207 244 341 403 336 62 46 292 199 411 489 21 179 266 124 163
747 261 413 347 465 337 431 34 382 152 194 454 408 107 287 169 62 330 336 146 41 499 66 147 356 312 85 21 237
21 279 459 345 360 164 330 410 478 277 110 246 130 465 479 54 196 337 368 96 492 169 312 451 174
370 319 212 315 4 390 31 405
548 62 242 204 114 396 160 464 258 346 336 431 220 124 107 41 339 318 438 246 164 232 469 38 283 364 261 499 481 451 6 412
999 287 117 35 16 195 477 345 162 164 363 335 179 229 338 317 212 464 47 337 139 124 381 336 21 252 146 239 4 400 499 413 199
226 459 135 152 431 436 499 317 323 39 465 164 257 334 133 5 407 155 356 169 404 335 336 345
589 317 330 479 404 228 356 335 477 152 246 277 367 132 287 241 408 340 395 60 451 339 469 499 368 337 382 52 21 160 464 363 194 66 41
889 460 68 239 8 267 99 160 468 477 354 90 413 467 1 346 420 345 33 280 277 329 337 97 194 187 336 28 179 196 87 462 386 317 293 368 246 339 258 251 39 276 108 50 482
442 338 377 130 271 290 199 133 345 428 86 153 117 33 36 196 346 480
303 3 202 363 124 479 438 467 481 59 353 40 409 251 64 207 55 160 284 153 457 454 360 175 413 490
30 62 479 266 411 490 232 210 336 131 447 273
146 454 478 50 326 251 287 47 417 318 363 239 413 160 246 317 491 484
356 338 97 168 413 214 197 61 453 244 291 283
408 336 464 266 451 263 454 277 187 70 75 329 66 405 221 160 1 62 152 146 386 135 398 372 477 244 352 462 479 274 239 326 110 164 457
341 153 56 330 329 194 435 346 234 43 123 336 255 146 408 469 195 261 499 312 431 405
247 214 54 116 338 218 208 354 469 55 397 202 277 175 251 258 37 9 281 481 423 199 434 429
292 469 164 180 336 179 13 130 338 363 429 258 54 279 87 135 345 251 424 467 477 413 465 411 438 160 173 377 451 124 96 454 187
878 297 490 318 264 432 391 283
3 255 346 377 233 345 86 56 90 354 408 57 19 251 97 116 307 468 212 39 262 387
636 111 250 59 81 287 434 238 370 211 40 454 317 451 339 342 375 258 187
422 290 287 251 248 212 346 479 368 199 390 244 329 61 19 40 377 337 139 163 324 162 403
475 41 317 160 277 246 345 356 454 251 410 287 164 153 273 33 479
811 295 322 244 230 64 291 448 270 300
139 251 318 10 271 121 214 64 354 86 287 338 324 336 322 300 387 230 116 405 195 180 413 312 248
795 492 406 432 183 386 240 160 360 244 408 340 186 384 40 39 312 491 487 117 118 293 237 173 490 190 329 271 71 499 206
206 186 179 164 464 215 394 380 79 337 266 11 465 180 421 314 474 411 405
208 478 198 153 496 251 338 87 440 235 117 342 466 469 263 274 438 244 279 424 434 221 467 181 271 186
345 144 487 464 423 104 146 244 41 499 339 386 410 246 52 183 448 173 396 110 153 413 34 405 351 287 195 205 62 337 40 329 490
847 196 87 454 267 466 273 104 374 361 467 158 96 187 303 329 356 169 174 271 424 154
873 152 169 146 363 42 482 174 382 280 124 0 41 477 107 336 417 492 62 464 237 356 16 297
64 467 260 430 19 345 324 338 336 178 405 179 153 220 57 337 86 36 346 160
669 54 220 338 108 86 204 53 125 354 345 187 374 41 277 153 287 246 133 477 317 413 248 411 124 395 342
346 125 350 301 168 386 284 38 132 317 199 484 395 86 247 352 144 20 351 490 180 423 183 232
932 239 335 354 21 53 238 430 338 107 54 118 404 330 464 334 199 160 396 41 130 195 154
788 160 423 249 329 336 431 377 287 240 86 194 41 413 261 337 499 179 284 402 62 169 405 124 312 195 390 492 193 257 224 330 317 345 116
410 352 86 81 49 40 218 338 290 175 153 1 386 397 199 467 456 372 317 186 103 345 429 466
121 345 160 478 451 368 339 187 86 185 340 338 395 287 62 467 26 413 41 499 134 227 343 174 477 153 264 431 329
743 155 81 312 208 246 243 423 137 86 324 177 356 116 330 196 169 454 62 213 319 377 232 410 354 164 21 397 338 464 257 135 124 345 469
845 314 352 331 432 207 282 386 251 117 35 123 40 64 448 270 191 330 421
323 364 40 345 33 363 335 297 241 288 239 117 261 337 284 124 164 368 187 130 352 410 477 108 16 340 319 386 492
165 199 251 124 356 153 86 468 339 54 499 451 354 365 454 179 345 277 250 467 363 287 413 116 360 338
156 277 255 430 33 467 390 287 101 318 336 396 356 56 464 271 21
369 86 454 338 180 345 330 287 386 164 199 153 363 317 413 96 104 395 18 248 97 451 116 277 329 187 284 251 160 64
537 258 467 93 277 339 335 364 271 177 477 155 490 454 338 33 463 396 124 107 160 287 423 188 413 484 169 66 175 420 278
877 41 174 438 5 124 413 47 345 429 467 1 153 155 287 116 199 160 368 354 20
115 62 431 356 180 499 469 177 463 153 14 164 152 41 246 144
569 198 377 258 158 85 496 273 481 175 55 47 1 124 153 360 363 410 434 59 376 413
956 404 454 188 79 232 318 462 391 52 152 16 405 283 193 365 492 336 499 471 431 406
25 277 131 406 451 463 42 499 423 41 70 468 469 293 464 237 256 232 404 447 330 343 339 396 258 318 368 417 408 21 348 470 266 462 60 210 356
70 62 146 464 465 21 53 188 420 239 335
257 345 477 322 153 61 339 40 405 338 192 337 295 336
119 345 386 482 405 346 4 153 34 389 467 205 83
272 115 489 46 33 154 70 421 470 106 339 5 423 164 343 255 85
662 334 477 160 251 99 296 34 287 205 451 454 286 180 413 258 362
987 423 305 58 32 417 251 173 390 232 21 55 469 463 187 66 132 164
362 267 58 418 283 201 35 207 113 497 53 423 403 292 54 334 270 330
211 251 255 35 108 281 450 314 248 56 18 25
238 333 93 352 365 467 346 29 130 418 160 239 107 122 19 251 64 47 227 454 53 284
831 55 370 199 195 345 337 54 263 21 116 354 130 206 235 303 1 124 126 99 152 317 117 85 479 376 481 187 174 368 465 62 496
605 16 41 49 454 492 479 451 33 104 337 86 164 212 363 386 345 257 34 252 199 406 117 116 124 153 195 277 59 1 274 312 54 179 258 169 186 287 137 239 237 317 481 423 132 246 62 346 133 413
93 431 277 235 179 330 42 199 421 364 345 124 66 356 236 454 41 152 332 335 408 177 373 354 339 130 411 160 188 86 464
496 468 35 34 490 346 255 54 345 227 287 368 179 267 86 336 153 151 408 130 175 93 117 160 337 394 11 124 467 377 178 56 199
164 266 469 410 258 117 133 185 153 160 124 41 451 93 363 122 1 227 102 481 245 278 434
725 140 399 11 168 490 251 64 431 368 284 413 247 153 451 86 130 448 287 174 454 429 394 447 336 484 352 499 267 160 258
128 280 129 408 420 180 1 413 111 55 68 102 39 179 468 335 212 246 239 329 370 124 477 62 368 285
751 268 93 124 113 311 379 39 369 271 248 457 479 111 54 355 329 287 409 55 258 227 363 146 26
660 422 168 122 205 384 348 405 169 356 194 499 124 244 471 161 386 340 64 175 352 479 266 413 395 1 438 464 41 49 283 237
213 388 496 210 330 48 71 284 373 66 406 317 156 499 454 360 154 217 130 160 431 249 464 304 382 466
9 386 64 490 352 153 140 248 340 355 284 448 186 467 185
438 124 77 498 128 368 416 477 364 488
977 184 410 317 104 352 279 1 421 54 34 187 286 467 177 186 499 160 411 258 130 287 124 248 454 123
102 354 251 387 230 261 277 451 330 1 160 116 335 271 421 479 337 28 195 336 405 430 356 317 186 34 287 322 199 324 410 86 118 345 267
771 153 364 336 74 110 212 479 66 111 146 4 386 284 345 199 354 86 307 116 195
945 330 223 84 304 256 492 490 447 377 132 237 135
635 153 180 174 145 246 451 261 356 355 345 187 413 418 258 454 173 85 198 79 9 1 286 41 184 248 287 239 274 363 279 186 430 329 421
806 199 261 265 116 205 469 130 41 257 140 354 421 160 204 124 153 454 467 258 239 338 168 95 340 50 368 26 477
575 56 255 322 94 33 354 338 86 114 25 403
574 274 326 174 18 386 99 434 187 235 284 489 244 410 41 44 124 59 279 469 173 9 413 213 317 143
231 408 233 148 381
990 352 408 66 64 287 403 152 50 317 244 160 146 46 421 346 418 329 448 93 201 467 454 405 20 251 162 339 179
718 266 405 191 16 294 336 194 479 417 169 188 492 41 124 312 269
991 129 356 178 258 337 396 264 324 212 408 267 377 107 370 430 239 318 336 160 114 124 464 54 55 469 363 59 405
183 499 467 80 477 53 117 246 345 364 449 267 238 239 86 354 199 338 420 116 257
854 454 352 64 263 287 340 377 314 248 274 80 116 153 428 11 336 202 124 181 179 338 86 438 354 417 106 219 93 118 211
533 405 237 195 232 298 234 318 463 141 206 479 41 169 269 62 490 0 388
437 111 329 286 186 474 173 467 345 499 59 89 86 454 187 258 290 279 93 122 317 489 113 287 418 429 434 386 451 1 408
35 343 347 469 247 42 124 330 117 279 374 368 364 421 147 53 21 152 130 467 273 232 135 492 133 99 449
783 218 199 155 477 345 176 464 364 475 99 132 133 377 339 33 208 236 480 354
796 406 391 321 312 284 244 304 405 207 490 396 40 64 150
686 227 423 248 373 338 448 363 469 160 410 317 22 64 386 345 499 133 180 43 355 354 284 51 287 93 268 258 153 352 454 478 421
218 486 102 120 241 227 245
290 340 49 206 55 393 416 205 199 356 397 377 421 155 345 430 261 62 362 491 418 86 194 423 186 336 20 115 202 464 116 54 431 463 152 490 169
576 436 391 368 54 195 312 337 206 234 130 118 160 465 421 106 33 0 499 237 405 317 146 338 438 464 70
357 246 288 237 131 364 423 164 312 79 477 432 330
744 29 173 28 251 281 413 346 448 416 202 345
106 469 168 220 164 179 207 160 41 116 55 345 205 38 363 246 54 372 413 86 317 283 95 140 482 278 204 338 124 244 287 47
331 368 413 96 367 239 356 499 277 410 246 33 135 390 335 41 293 464 454 66 58 308 209 377 436
192 331 490 387 131 25 479 444 36 447 33
609 146 356 239 345 420 76 114 107 468 390 477 412 58 124 188 50 464 357 438 430 130 241 339 336 436 246 160 159
149 116 68 354 233 66 239 54 51 338 464 53 390 179 336 188 334 90 337 359
230 368 129 107 436 62 131 390 479 492 330 54 315 318
708 464 335 431 340 329 74 395 186 26 408 49 212 205 287 492 96
24 345 324 118 199 188 338 337 130 480 79 413 34 234 335 41 377 354 258 339 164 85 66 387 137 421 186 179 238 102 160 86 454
59 207 335 329 326 346 330 40 415 423 66 337 466 345 160 34 277 239 356 445 464 491 50
571 41 199 287 440 246 423 111 279 397 454 317 377 451 59 173 143 160 413 263 363 468 62 465
444 62 52 1 40 186 269 48 464 244 30 152 293 372 124 396 191
526 193 114 284 169 212 186 499 340 40 179 464 39 405 317 382 220 346 335 124 482 62 90 239 283 237 246 26 277 337 386
447 254 124 239 364 160 71 464 329 454 244 194 196 227 477 413 164 130 499 317 356 466 122 431 202 172 238 287
902 56 259 329 336 151 96 382 51 261 277 164 153 287 195 499 468 41 405 258 454 160 149 135 33 466
516 413 56 429 179 46 13 124 174 417 41 477 337 111 408 94 277 169 104 147 451 153 181
18 207 405 499 121 336 290 124 34 397 351 40 474 266 144 251 490 195
642 284 179 0 64 287 413 116 340 338 246 352 438 164 377 386 196 104 244 40 423 146 34 337 467 102 477 180 479 169
555 153 350 336 490 76 377 195 479 266 387 252 251 62 146 405 492 412 40
757 217 363 179 454 99 169 346 123 41 345 337 489 159 90 354 19 464 338 477 116 202 405 21 377 307 413 251 114 239 317
129 33 118 339 324 246 139 160 399 317 345 413 340 418 239 290 62 234 467 1 421 405 26 21 184 180 34 153 377 319 335
648 428 179 153 377 346 329 8 11 114 86 199 222 178 336 480 93 116 354 394 338 467
694 469 346 438 475 263 337 421 345 410 184 467 339 251 258 454 189 232 484 403 33 451 255 66 277 173 160 106 360 275 317 186 55 408 238
347 96 117 213 480 166 33 66 481 173 99 451 339 94 342 59 18 218 238
866 175 87 206 34 345 377 337 492 21 410 339 464 482 186 41 382 396 313 86 451 363 317 336 153 46 413 287 246 335 74 76 164 62 53 479 239 93
828 237 130 464 108 131 330 408 287 246 188 124 338 404 53 66 116 155 164 86 239 463 396 499 21 261 62 160 199 336 41 48 335
583 85 451 1 228 143 250 209 99 21 374 420 186 104 277 329 107 174 137 345 287 467 55 477 496 469 305 108 279 364 62
563 70 479 387 418 130 463 263 62 499 339 431 447 124 153 34 423 481 356 336 413 311 451 312 324
302 492 354 205 371 124 47 341 330 338 345 260 199 337 86 336 262 467 386 41 405 160 499
216 177 429 457 205 258 354 469 28 59 93 86 311 116 187 117 41 227 340 277 431 409 160 481
786 353 200 113 93 434 338 340 86 202 3 205 409 457 399 220 87 499 117 97 265 431 116 164 418 342
547 255 130 339 365 199 86 164 146 104 477 482 53 173 484 329 124 21 431 252 336 475 434
890 307 96 187 10 405 26 185 337 266 330 477 195 121 252 146 387
673 479 45 104 272 467 59 330 386 338 170 116 195 354 179 336 130 222 377 33 363 413
26 218 245 462 274 76 293 277 309 0 382 135 479 74
550 90 231 47 426 102 264 31
770 395 345 418 386 434 1 168 113 153 160 317 467 135 248 186 251 287 392 202 451 482
582 482 438 4 207 499 248 234 213 146 368 316 356 0 324 464 212 430 381 148
306 134 326 194 246 5 137 330 274 438 21 41 431 177 408 467 124 417 464 81 477 317 277 237 169 356 251
882 164 251 153 169 368 70 354 256 194 130 330 329 86 337 188 417 338 261 108 21 499 227 239 420 431 179 124 319
953 39 211 174 160 186 111 68 274 1 287 410 303 173 96 429 465 454 408 34 413 377 481
713 302 169 298 431 137 239 261 209 343 464 330 335 477 382 256 459 404 492 396 438
305 62 312 318 138 266 479 131 471 278 60 52 237 16 64 406 274 384
993 86 111 337 329 410 146 499 468 316 226 477 153 261 315 4 467 21 239 56 194 345 1 179
42 356 335 287 317 436 499 319 169 477 54 164 346 338 86 179 239 199 21 345 354 53 116 431 117
188 363 244 1 180 116 409 164 345 457 34 200 129 489 405 70 202 199 417 103 335 464 196 324 342 130 86
355 481 62 477 174 133 47 417 130 26 451 271 160 153 287 86 99 53 345 205 279 117 124 169 410 317 59 187
966 482 123 56 329 438 196 469 179 101 386 153 164 267 90 339 279 55 54 336 345 480 62 50
170 155 100 279 318 254 293 499 62 255 56 196 135 396 492 421 132 477 6 239 423 246 438 435 21 164
47 30 317 164 186 287 410 377 251 363 53 238 187 80 413 339 467 345 117 18 33 286
82 86 116 465 484 336 431 376 499 199 34 466
319 287 209 364 160 396 52 74 330 236 477 239 335 21 16 337 194 41 279 339 246 288
233 79 185 492 191 212 246 244 187 283 210 363 262 249 418 345 186
193 251 399 413 394 329 305 477 345 363 468 339 54 317 11 435 124 130 356 368 1 227 390 169 335 160 364 386 451 111 469 454 428
222 342 186 116 20 59 363 199 454 258 250 338 54 86 123 413 418 248 93 317 354 117 175 1 153 55 34 469
103 130 261 479 255 111 477 454 356 271 86 336 179 283 339 251 6 464 160 56 277 199 431 274 392 21 1 108 117 66 54 487 33 465 146 338 490 345 386 337 227 340 317 445 466 377 116 368 62
690 169 382 194 250 146 160 397 46 237 464 135 114 337 279 130 431 356 124 21 287 405 345 181 193 6 419 479 244
65 492 130 62 288 477 364 261 499 249 124 390 464 339 368 21 246 308 234 188 237
530 218 108 1 81 213 175 397 377 341 484 450 423
785 462 20 153 390 146 432 239 49 271 284 352 164 64 467 93 345 205 162 62 464 499 57 127 307 160 252
461 287 372 429 160 248 451 279 454 273 481 431 410 499 423
691 369 251 117 386 451 469 267 284 45 317 319 454 410 185 205 413 173 274 130 26 287 153 457 398 49 103 352 242
942 66 410 421 153 338 53 41 239 354 451 408 287 55 364 277 235 137 329 169 423 477 179 86 266 274 339 396 464 418 499 337 469 62 363 258 124 368 194 356 336 390
665 330 356 277 317 99 16 251 246 232 67 41 464 339 438 110 499 287 33 364 421 134 404 130 257 413 21 261 238
875 350 454 185 274 377 421 95 49 247 160 451 464 363 356 21 499 41 477 168 317 303
490 21 464 368 160 337 233 57 128 132 356 264 241
326 431 336 363 429 62 49 413 250 192 368 81 77 205 339 124 281 129 212 20 340 174 423 416 226 172 239 104 482 83
249 339 480 118 337 53 267 334 314 153 54 449 179 345 467
455 114 336 19 377 444 258 246 413 339 124 86 195 199 34 338 468 324 479 57 354 337 260 230 179 162
961 345 153 280 368 199 129 179 493 337 86 488
699 279 234 432 337 84 312 237 386 0 405 492 246 431 195 76 313
659 155 227 66 293 356 438 467 108 365 396 435 368 423 335 164 80 464 377 267 246 362 463 261 404 41 117 202 477 53
939 212 57 262 53 345 124 90 252 162 266 337 116 179 338 464 371 354 171
593 263 405 62 169 221 330 336 223 195 479 318 340 499 302
922 338 168 278 417 336 34 41 246 175 39 354 395 62 86 205 431 38 177 317 482 477 469 499 50 169 180 164 160 258 242 438 199 463 340 451
656 132 199 338 330 147 318 401 345 5 293 146 312 356 237
37 454 248 377 54 153 467 267 338 93 481 97 345 354 413 116 99 17 199 469
335 429 124 251 173 144 103 116 203 457 90 338 351 270 451 119 86 160 448 258
94 11 9 124 160 130 312 330 454 257 438 255 41 174 266 164 399 246 447 40 287 386 42 418 408 190
940 403 116 479 454 199 345 11 137 117 277 51 133 374 278 161 164 74 463 338 52 131 13 421 143 471 211 235 499 408 246 267 318 62 155 27 464
372 464 343 251 160 374 339 249 232 287 317 397 62 312 70 454
937 187 41 417 130 133 186 408 80 363 181 345 1 208 258 248 451 278 324 468 180 467 111 337 330 411 175 246 160 247 59 271 317 423 340 454
278 174 124 317 169 356 469 50 451 336 330 232 62 386 244 64 41 417 465 399 454 499 21 108 194 160 397 478
732 160 146 137 329 152 211 55 40 338 41 408 153 396 199 164 116 477 337 377 330 451 93 186 431 56 499 465 364 464 421 179 354 194 438 345
22 50 468 499 177 374 246 239 338 244 479 464 417 93 397 283 492 226
234 258 242 363 439 104 274 247 352 271 244 477 124 26 86 175 160 39 53 482 337 116 431 194 340 122 153 355 227 287 368 199 90 467 180
449 345 338 423 99 454 364 85 275 329 382 480 189 250 116 202 317 124 337 89 86 117 1 184 464 111 154 277 33 408 137 263 451 130 356 287 143 477 370 181 274 424 199
836 182 168 468 338 153 337 345 339 86 287 164 130 25 293 288 329 179 482 116 429 54 450 413 469 247 199 251 33 160 487
774 93 38 220 336 338 369 386 284 34 144 53 242 186 125 395 232 431 185 352 24 469 164 140 429 499 64 86 248 465
87 59 115 169 324 223 164 429 362 1 117 135 232 317 465 454 335 183 287 104
716 100 70 249 58 50 364 292 232 237 463 261 294 451 312 479 32 318 404 336 356 492
178 16 6 463 41 194 230 464 52 277 164 318 169 245 356 51 330 241 287 438 339 404 239 160 431 396 76 479
654 1 467 287 318 292 386 413 284 41 194 451 144 164 388 317 428 86 180 54 258 345 64 434 124 490
66 451 430 199 1 354 438 330 403 394 124 336 116 41
865 62 41 405 16 431 492 159 377 318 447 382 402 266
965 124 101 377 1 354 451 420 118 54 468 111 317 153 438 251 363 390 174 116 413 19 477 258 21 337 188 467 55 160 86 345 329 179 239 199 454 368
988 473 148 146 98 381 336 252 246 337
258 260 57 233 449 380 121 53 482 34 246 465 267 39 411 133 59 432 130 413 499 68 118 408 347 405 468 212 327 258 195
494 99 108 211 254 274 104 374 312 96 43 466
843 372 207 274 495 441 244 11 186 96 428
577 198 34 239 354 180 124 248 377 130 496 54 85 117 173 370 158 187 337 336 465 429 137 244 86 345 1 338 133 363 360 317 175 53 108 279
753 53 287 405 169 490 19 346 492 173 55 9 408 318 482 363 137 329 130 232 499 419 377 131 33 411 438 1 435 343 239 54 368 410 180 330 465 312 274 160
27 150 286 196 354 116 490 287 173 499 454 106 235 62 466 326 469 214 104 9 317 293 244 274 370 450 345 423 281 386 191
592 96 499 330 122 338 339 187 277 279 354 41 440 251 104 408 431 271 434 13 345 247 86 317 173 468 303 196 258 477 1 21 56 329 160
78 160 451 499 246 132 308 356 239 289 420 21 54 416 283 317 227 438 363 194 174 318 111 55 257 41 339 251 468 368 329 264 62 464 477 357 131 107 390 364 454
822 467 429 336 168 116 414 20 345 363 38 386 164 160 186 64 26 199 339 241 263 1 373 187 144 415 338 153
819 336 354 204 352 97 207 284 116 81 124 184 34 345 499 47 250 317 338 386 448 107 160 490 177
11 389 345 153 390 66 340 54 55 317 287 451 337 468 124 104 111 26 246 258 21 329 467 160 239 205 363 1 413 279 174
824 336 217 344 190 108 137 406 326 354 71 312 196 304 62 42 417 464 169 376 487
596 335 159 185 436 323 307 313 212 262 241 84 62 327
519 21 445 246 160 52 74 118 318 293 71 466 406 396 108 454 41 99 465 287 471
645 431 468 374 436 144 21 368 130 317 360 408 25 435 394 399 465 41 85 339 243 499 224 279 246 117 258 54 164 362 417 335
849 246 477 338 160 199 194 363 244 11 116 377 124 279 179 55 187 258 274 447 198 50 354 153 431 399 454 499 413
19 317 341 92 434 287 116 153 199 345 408 56 93 468 247 73 123 363 11 354 328 281 399 489 117 394 51
888 232 261 130 256 329 312 438 50 471 413 294 239 169 274 499 363 464 247 52 149 194 54 246 396 339 16 408 345
703 274 271 39 212 284 64 329 68 146 6 116 66 354 252 90 78 338 179 431 337 318 499
752 212 262 230 36 387 386 352 64 98 307 405 330
779 185 54 372 271 364 324 30 211 175 460 26 86 277 329 413 180 191 130 158 41 263
540 247 257 347 169 499 269 396 41 339 246 468 421 417 408 335 174 287 187 107 329 237 454 412 466
531 422 434 130 450 248 492 199 258 372 338 354 243 455 147 64 247 192 277 251 284 397 283 465 101 1 174 116 317 250 97 448
667 47 205 386 368 413 293 64 274 209 467 97 172 28 257 244 246 423 323 305 284 239 407 352 372 448 439
41 436 62 382 162 312 492 464 413 246 252 262 324 479 381 405 377 404 337 257 356 277 239 160 41 169 421 387
842 173 88 180 300 418 482 360 204 467 244 1 205 345 386 340 410
524 413 317 284 251 26 125 292 153 124 31 260 345 64 432 467 339 469 41 140 408 435 233 162 47 337 114 461 386 185 4 212 33 336 430 266 421 168 363 482
32 109 286 62 281 100 130 9 479 192 340 79 184 235 70 158
677 50 317 454 339 438 356 329 153 155 93 53 368 330 467 33 469 363 468 277 41 21 137 451 466 360 338 164 151 56 499 465 464 365 408 59 423 175 386 345 263 232 177 258 247 25 160
484 377 363 262 199 479 327 230 372 475 86 179 346 354 279 124 207 21 405 438 212 93 337 41 146 322 244 490
505 396 465 274 190 0 185 438 41 246 287 258 318 62 376 335 374 492 111 124 356 16 477 464 337 60 412 279 329 145 179 27
613 133 280 21 188 108 261 124 288 436 179 169 368 356 66 423 227 34 160 84 420 337 451 77 499 477 469 122
930 174 164 363 177 431 63 104 429 94 62 1 13 487
263 169 174 423 0 244 146 451 263 413 258 173 289 469 137 257 440 463 34 424 246 335 33 345 312 55 187 410 59 100 160 164
440 199 429 354 303 244 479 153 207 300 448 467 40 345 86 197 93 484 322 279
441 312 261 67 41 94 424 60 339 246 318 420 464 408 257 451 417 108 130 477 21 6
111 279 429 258 438 248 489 160 410 363 454 244 336 413 317 196 372
90 451 337 317 345 338 204 111 47 390 130 499 124 1 454 339 251 363 239 467 356 205 26 480 468 246 413 354 287 33 59 199 227 279 335 477 464 41 438 69
203 464 429 382 164 41 499 79 237 481 347 454 124 194 42 50 71 462 287 137
364 461 377 354 179 430 421 324 162 207 62 405 290 345 233 114 36 153 271 212 346 307 337 371 116
250 218 34 179 199 64 352 469 18 86 296 370 36 480 13 365 368 181 338 184 354
618 401 382 471 492 70 249 345 367 354 39 86 318 406 330 336 362 447 21 199 356 62 104 499 146 269 338 337 115 431 206
670 323 312 491 407 42 86 32 116 447 492 185 179 330 297
359 199 61 336 291 448 117 372 244 212 386
557 354 255 206 153 86 338 79 479 251 345
243 290 86 191 214 448 355 352 377 59 429 386 438 116 397 284 317 40 11 248 199 281 411 124 354 270
552 59 336 251 1 345 317 338 238 267 330 199 346 169 337 464 45 239 281 183 160 354 153 479 413 363 430 86 451 117
863 464 290 435 338 212 160 323 199 169 239 431 262 405 292 367 499 116 330 336
846 212 117 57 499 330 465 241 146 337 62 363 246 153 239 34 4 160 413 358 130 179 464
76 492 108 32 130 194 471 205 439 164 338 116 477 354 305 464 490 377 86 345 199 147
507 360 368 153 499 317 173 251 345 423 160 467 277 186 337 11 484 340 418
588 251 212 288 34 186 55 428 467 262 56 160 363 339 354 468 286 130 287 329 267 151 146 405
597 53 51 369 286 199 411 103 106 363 494 3 17 354 54
599 185 153 277 137 431 469 317 499 205 418 340 64 356 160 451 261 111 1 41 169 284 300 454 283
297 499 168 360 87 164 438 153 140 199 47 411 431 251 41 169 482 5 338 97 247 149 354 152 429 186
481 370 337 368 345 292 21 408 438 66 468 246 194 329 340 196 464
275 382 50 239 164 447 406 169 49 274 477 243 396 364 499 62 16 193 188 152 356 246 256 421 194 318 492 423
225 33 213 318 323 164 179 354 484 413 39 407 86 352 345 232 287 244 284 62 68 173 251 199 239 464 410 64 408 337 450 336 90 467 335 490 160
112 374 195 423 64 178 318 261 16 293 451 410 158 108 284 382 155 386 42 52 132
202 186 405 250 271 180 96 125 164 286 411 469 106 317 104 274
274 433 11 464 246 410 84 297 441 0 335 287 428 390 160 492
367 173 363 341 145 93 410 153 204 454 250 340 258 41 438 413 345 85 86
204 104 134 130 391 66 243 188 206 357 246 417 87 465 287 239 62 155 183
585 108 6 16 160 179 246 91 438 390 317 337 382 356 164 146 60 21 34
482 370 133 469 481 278 431 283 340 352 438 284 423 135 38 204 26 408 220 448 242 263 137 339 181 277 386 61 248 179 405
797 258 41 454 86 329 174 424 135 138 143 317 293 417 1 164 499 356 363 232 62 287 471 318 468 469 408 451 492
672 444 195 336 230 234 121 260 432
412 274 457 368 130 337 0 463 421 346 59 448 255 281 29 139 451 247 345 353 439 33 282 146 239 436
154 87 284 160 5 317 34 345 41 164 243 464 477 421 368 108 85 54 153 430 111 258 53 438 396 239 417 196 232 169 33 137 64 408 179 199 194 499 124 356 336 257 335 86 364
908 363 438 356 372 50 108 465 279 330 317 469 111 277 130 293 187 499 377 239 467 52 66 174 232 23 423 339 34 40 431 207 79 386 286 55 191 251 147 18 61 398 482
39 405 356 129 354 169 367 116 463 479 261 323 364 335 152 435 407 102 330 241 338
621 394 365 117 402 428 399 379 53 330 283 411 215 405 336 396 42 386 301
992 389 229 124 477 368 467 367 339 400 107 69
265 4 90 205 233 68 340 220 395 2 39 125 242
313 413 137 488 85 258 438 89 373 467 66 477 93 111 434 287 279 468 329 269 104 481 9 3
472 499 364 62 445 130 169 423 96 477 18 246 396 343 404 21 382 52 293
730 466 275 445 96 161 274 194 460 286 160 131 418 302 221 174
936 265 429 26 372 431 336 448 205 284 185 405 338 266 386 64 340 312 479 395 195 172
462 345 386 354 232 195 382 499 405 146 86 169 336 62 318 330 34 21 131 246 335 114 199 237 447 464 384 234 252 41 492 477 387
500 207 429 160 179 451 431 21 1 408 104 164 258 175 111 355 356 54 124 330 317 438 248 363 86 130 482 338 411 66 251 180 364 246 329 239 337 116 55 189 421 199 465 413 469
851 124 41 317 375 454 20 38 153 258 26 140 104 160 451 164 204 97 429 18
675 89 317 238 62 408 413 471 169 330 287 356 137 339 164 423 94 469 464 108 451 160 277 465 41 342 487 246 107
324 183 317 188 395 144 368 435 164 264
807 364 40 147 363 431 5 160 345 424 465 173 208 336 169 153 164 408 335 257 477 194 30 21 244 471 454 50 330 417 410
762 330 336 479 47 246 396 471 492 84 356 124 266 477 464 431 312 436 335 194 239 405 60
452 279 287 290 86 104 479 354 199 139 405 413 338 160 390 117 379 195 423 454 363 330 206 187
916 160 413 194 86 471 338 284 354 336 186 352 363 227 450 124 122 287 490 386 123 454 199 499 345 132
145 413 274 188 21 438 281 435 345 107 33 212 293 4 300 160 365 56
304 481 294 404 260 338 62 252 345 146 377 464 356 390 438 34 323 199 408 86 287 116 179 241 406 479 96 382 335 47 234 383 318 55
179 185 205 164 468 330 408 274 300 225
883 290 54 255 104 133 267 164 345 395 387 252 62 41 386 462 84 130 479 33 99 117 354 434 173 64 317 169 251 340 465 336 490 330 421 116 86 45 410 338 266 227 467 94 199 25 235
769 199 379 239 174 41 146 410 438 465 164 1 169 368 160 186 435 356 477 47 196 246 363 464 417 468 337 263 86 354 277 408 21 252 424 66 335 135 108 382 451 338 155 59 284 130
982 360 405 478 282 336 453 168 352 251 140 413
130 116 352 312 186 364 41 345 492 287 269 1 377 337 317 62 124 231 93 185 466 408 140 438 354 161 96 179 109 413 481 97 283 284 21 59 160
300 212 116 85 93 363 386 11 246 277 467 111 345 431 335 338 130 199 86 68 465 80 438 469 484 160 97 271 117 413 173 179 355 39 468 342 255 492 499 421 262
291 196 287 440 363 153 130 274 221 279 108 454 164 317 489 467 418 408 160 466 235 410
402 290 352 104 376 454 398 153 277 18 413 293 441 460 191 386 467 66 244 135 108 317 103 169 372 399 223 207 55 97 284 394 21
77 185 266 241 62 264 179 337 492 493
155 86 336 338 438 413 64 246 174 451 251 1 363 258 185 128 21 227 104 41 55 368 354 77 239 160 179 199 317 477 488 454 279 467
750 54 143 363 460 255 423 118 41 104 413 370 287 377 345 339 451 374 329 263 56 438 85 151 274 468 454 477 356 317 111 337 283 251 277 386 62 34 169 181 160
948 481 360 317 223 85 180 355 258 451 50 55 81 177 469 59 22 145
60 467 194 364 338 124 160 116 287 354 130 454 86 9 413 186 164 410
814 19 354 215 234 408 299 86 212 329 57 262 345 199 405 233 428 338 479
23 408 339 94 59 490 438 492 225 249
891 190 483 490 251 479 96 482 49 430 185 40 210 186 317 338 372 269 451 62 469 86 175 386 337 492
4 347 116 354 177 86 329 362 472 312 160 338 263 124 465 339 87 199 153 104 499 287 434 239 135 54 423 51 218
352 140 26 242 168 448 38 244 350 95 325 49 270 490
815 423 47 202 330 413 161 438 338 455 389 21 99 169 144 464 404 116 354 345 86 87 239 362 137
134 417 129 234 352 467 337 413 465 388 252 339 93 153 294 406 490 224
885 330 304 115 294 464 169 190 71 463 239 390 237 356 479 16 269 21 335 62 66 0
117 266 492 279 490 413 390 257 499 169 336 477 377 46 60 318 338 21 312 356 41 354 116 376 467 223 465 199 421 155 405 147 384
91 0 340 260 355 339 287 405 105 238
92 199 52 479 66 293 234 107 438 390 338 183 464 74 345 86 396 21
897 421 2 323 386 234 241 252 107 54 146 367 21 492 262 194
632 102 490 389 49 350 19 266 346 244 205 51 416 62 499 431 164 336
162 317 482 1 104 338 175 261 66 354 499 246 477 199 132 329 411 413 93 42 247 410 469 122 451 160 164 368 34 335 318
886 354 86 34 335 374 130 377 363 396 256 477 345 423 255 55 235 317 153 56 59 16 239 499 271 438 421 464 339 469 41 454 238 124 338 410
624 161 212 235 124 62 190 9 451 360 277 410 338 202 251 467 464 454 354 111 104 264 312 4 246 479 413 469 326 482 368 279 408 466 297 340 438 365 196 160
485 403 57 124 411 290 481 160 338 284 329 199 465 429 363 191 354 418 34 413 116 59 479 469 307 454 214 230 4 146 33 251 39 233 90 277 447 405 194 262 451 377 287 464 499 489 64 187 195 68
562 397 457 364 417 338 40 409 199 64 86 277 117 326 115 267 363 354 66 251 386 369 279 353
864 104 13 408 122 130 175 86 111 451 413 329 124 354 186 287 481 489 187
471 153 340 130 75 186 477 482 108 398 345 499 205 88 368 227 352 26
968 317 336 346 490 492 370 179 199 415 86 345 405 329 287 206 354 116 337 62 21 479 324 55
759 336 116 258 490 25 394 279 399 377 40 301 163 492 214 499 419 238 66 342 317 283 188 463 33 390 441 86
630 199 258 376 391 484 13 223 70 239 116 438 251 338 356 317 124 464 0 147 354 336 210 104 232 423
113 418 447 492 173 479 451 0 405 163 411 391 234 388 379 62 207 401 427 40 439
473 243 261 55 390 164 410 130 478 481 277 59 362 349 287 187 329 339 246 317 454 413 477 370 160 85
784 92 346 454 39 287 430 480 33 90 359 97 11 54 468 324 407 332 390
534 211 157 34 194 477 25 136 482 431 203 275 356 417 108 66 135 434 337 174
474 153 130 366 386 345 202 244 261 413 499 322 114
17 62 422 177 150 336 292 477 239 226 304
349 195 356 336 287 490 64 450 357 405 169 282 463 234 436 387 479
84 479 477 147 364 173 287 198 317 124 354 174 55 417 454 413 187 338 429 56 410 261 279 126
604 230 195 405 430 307 118 336 114 159 212 262 121 199 346 479 363 338 19
144 423 31 160 23 436 499 58 212 304 345 246 47 400 266 335 239 262 346 188 435
570 485 469 223 280 174 355 350 287 286 187 160 96 1 363 451 242 55
453 108 237 492 232 70 417 491 21 249 301 413 132 269 312
994 80 118 26 130 467 345 35 88 261 408 451 329 55 173 364 246 160 33 390 465 184 53
520 79 173 160 451 53 345 169 206 194 33 413 267 41 465 417 99 21 337 420 429
581 206 354 405 412 317 332 336 465 492 1 390 408 86 338 58 118 130 188 464 246 356 479 108
89 246 232 62 431 418 186 469 467 449 53 153 454 370 354 338 116 352 100 434 268 199 123 451 85 271 160 499 174 86 117 363 284 345 133
122 199 454 55 490 153 467 413 418 282 86 251 363 66 345 338 232 198
839 423 370 440 85 124 104 339 251 117 153 363 354 130 397 338 41 108 135 143 244 499 160 277 45 205 345 373 267 199 340 413 110 86 451
955 290 130 411 51 342 177 41 153 189 59 203 365 108 360 181 271 345 454 317 160 277 410 106 173 202
510 354 420 408 345 438 337 153 391 239 241 386 41 1 246 405 464 417 479 466 436 76 146 62 234 431 492 133 477 21 139 252 179 356 124 330 319 116
986 429 194 360 124 300 311 145 418 279 9 499 13 477 363 286 244 454 268
952 187 459 95 248 133 336 453 405 499 53 61 490
253 201 70 490 413 387 317 190 436 277 211
406 251 465 55 377 59 451 160 86 99 248 205 363 340 438 140 413 199 454 496 258 153 287 133 95 174 34
281 54 41 208 134 464 362 83 239 416 477 77 147 130 454 66 257 236 339 343 232 16 465 31 408 274
515 54 330 155 237 451 354 108 96 137 423 363 251 175 311 188 277 221 479 218 345 361 279 86 21 151
174 330 80 421 337 116 199 318 477 21 468 420 106 336 178 338 1 137 377 464 256 35
320 54 364 38 169 153 407 205 251 246 164 317 41 258 30 454 66 340 144 125 160 26 188 137 220 423
329 107 132 454 413 386 153 172 346 411 266 355 437 484 166 160 471 244 499 62 246 9 424 207
606 492 104 440 180 235 124 464 374 423 41 277 50 363 174 160 263 153 287 431 454 243
816 435 107 58 47 169 345 463 128 62 436 487 318 335 416
124 35 59 490 287 352 394 267 428 338 399 454 153 113 354 336 199 36 441 124 413 451 467 117 179 219 337 319 479 216 311 19 116 51 377 345
5 277 360 408 44 173 468 410 160 499 466 329 429 200 287 143 397 496 317
483 340 41 26 404 137 252 153 257 329 205 189 334 339 386 6 467 335 423 239 238 317 242 251 12 54 265 395 287 413 336 53 430 464
638 337 33 467 466 338 104 64 479 244 386 398 130 312 413 287 336 448 164 40 160 116 363 274 329 347 399 352 377 97 408 179
189 226 196 471 303 339 247 447 177 104 477 451 235 239 329 438 194 408 124 312 454 100
914 38 337 207 244 2 430 336 242 39 340 482 338 144 351 116 125 220 83 345 421 86 372 162
426 280 387 246 79 27 337 249 87 346 261 477 324 160 430 377 62 288 364 41 108 379 137
949 66 420 256 160 223 239 335 33 174 99 451 258 41 469 169 468 196 477 408 53 21 246 232 88 164 130 187 34
403 111 28 97 340 284 64 197 345 408 175 93 180 244 386 448 454 467 160 346 43
99 382 64 121 327 356 90 188 403 179 261 368 114 66 336 431 239 68 337 430 499 21 246 413 287 41 399 468 436 330 339 104 252
739 86 116 234 338 199 64 121 331 386 290 346 490
486 423 266 429 377 130 455 104 59 438 41 477 274 337 479 124 160 464 356 413 169 490 74
308 278 212 121 184 330 429 336 431 474 36 3 164 492 150
61 405 492 464 282 377 249 40 62 307 465 336 186 195 244 271 330 283 4 278 466 261 312 479
944 401 52 152 436 274 438 138 312 480 62 240 464 318 261 16 479 237 194 481
598 445 33 329 460 360 1 363 160 11 287 78 274 408 386 277 173 413 467 403 235 246 153 238 345 186
191 454 277 188 390 274 287 317 337 66 133 139 413 339 54 334 111 55 368
195 356 250 411 99 59 93 338 267 203 137 177 263 181 469 399 116 173 377 117 86 373 465 187 441 164 251
104 211 413 144 496 338 97 399 377 373 354 267 153 467 287 160 62 175 450 490 423 469 116 184 463 429 465 394 345 411
600 368 175 339 238 283 423 468 194 477 469 345 451 130 184 386 1 274 408 438 277 186 160 153 41 410 26
415 212 363 345 64 207 262 405 428 284 215 386 153 277 467 346 116 199
957 477 199 345 20 66 323 40 354 467 93 408 338 468 403 153
879 330 431 336 121 64 270 448 455 284
892 81 164 312 22 160 287 34 465 499 345 244 87 448 454 198 97 386 467 108 337 450
487 180 251 153 182 55 418 281 319 363 365 175 97 41 311 104 160 247 451 336 124 1
283 482 413 411 202 113 175 244 1 467 418 341 271
688 317 246 160 465 454 319 436 55 34 287 133 421 258 413 111 124 329 117 464 337 53 35 104 370 98 59 356 335 99
601 330 387 464 479 335 169 431 356 323 62 160 21 79 336 454 407
418 263 160 440 406 454 429 279 143 174 255 408 317 287 468 56 402 413 312
719 469 339 467 449 281 117 408 56 468 54 329 133 277 278 53 239 123 85 93 258 385 482 99 251 55
197 457 418 451 423 160 471 422 137 247 59 467 377 244 81 251 175 386 499 448 337 284
40 116 352 336 284 244 86 448 197 153 338 191 270 168 421 372 175
273 241 469 405 258 111 451 102 356 34 337 56 377 329 370 181 464 179 408 339 468 146
649 354 85 164 413 454 160 330 477 355 451 116 372 356 345 40 466 277 173 187 363 86 438 447 464 135 497 54 117 287 423 199 337 244 263
951 271 345 466 418 329 184 277 86 57 66 408 198 116 117 186 235 338 337 199 354 211 179 203 187
535 54 317 413 21 390 281 467 251 431 246 484 438 277 239 111 41 258 279 314 227 409 22 35 200 104 55 124 408 188 490 457 329 477 66 62 432 468 499 363
947 239 85 340 337 363 318 399 11 86 247 164 364 80 423 421 109 464 179 174 454 345 263 428 124 53 194 146 51 173 417 394 477 135 356 413
727 316 381 39 6 146 315 4 68 94 336
979 116 363 338 279 345 26 180 124 451 86 5 413 246 424 164 50 410 158 184 477 362 130 135 273 160 336 33 317 59 104 454 466 257
767 423 466 160 434 454 347 477 41 240 111 96 363 59 499 94 279 329 467 410 413 277 395 235 0 153 345 246 339 464 386 16 186 169 356 258 21 438 311 173 28 251 342 86 481 56
910 449 356 162 163 164 464 251 246 54 339 441 96 394 79 114 413 399 11 239 428 169
299 149 431 288 283 295 97 261 79
572 455 284 153 97 386 338 372 467 104 184 14 258 471 499 174
970 480 216 339 314 47 421 118 363 287 454 337 219 335 478 468 441 474 464 41 179 394 499
564 194 55 275 54 434 177 41 145 35 277 184 1 130 317 469 196 111 346 244 408 467 454 258 108 160 363 337 329 499
989 339 354 133 246 465 387 324 205 97 130 458 86 175 169 408 104 199 116 178 160 212 322 146 377 413 356 464 41 59 42 258 345 497 467 317 430 337 194
224 457 90 179 116 153 448 146 354 151 130 86 408 482 11 428 238 39 353 363 394 228 337 468 338 103 186 175 160
36 266 232 70 71 386 462 345 226 199 356 116 492 131 330 405 193 396 182 464 404 413 377 335 237 79 86 431 432 337 194
28 97 1 81 464 62 330 109 17 194 86 239 116 451 354 478 160 41 199 356 469 429 387 403 419 318
643 2 146 262 337 116 246 307 310 323 407 90 336 39 324 179
497 396 420 169 188 246 241 152 364 451 465 227 477 137 356 312 492 209 131
148 93 260 418 364 124 1 158 179 387 224 480 336 319 121
808 199 366 40 116 337 352 59 179 124 448 86 300 499 457 13 93 317 386 175 345 340 244 262 398 153 338 184 467 187
830 477 287 431 356 257 318 404 451 330 21 48 438 152 42 317 413 160 169 336 396 60 74 196 335 246 421 154 415 274 0 329 164 499 183 386 464 64 41 194
657 338 260 405 47 363 434 203 266 151 1 493 111 479 195 467 56 345 368 408 464 468 330 160 93 116 329 396 465
245 160 54 354 345 329 62 336 199 335 421 234 330 187 246 158 499 464 465 338 143 423 41 387 169 117 287 258 377 359 86 116 356 317 104 53 21 413
766 41 244 55 40 47 227 111 411 147 215 283 324 413 28 251 345 223 465 418 153 386 287 372 362 454 368
63 258 463 404 413 152 117 477 436 438 431 147 239 169 42 363 5 153 130 41 317 21 137 451 46 199 423 364 104 34 469 354 99
661 365 451 199 11 64 448 338 441 270 186 287 467 317 336 124 278 160 117 354 153 345 428 482 86 352
776 322 476 4 195 252 260 444 307 146
298 164 386 303 124 119 354 11 338 116 345 394 448 85 244 428 86 263 339 271 399 41 93 467 312 270
918 62 492 169 499 122 96 280 29 194 368 431
887 88 246 174 254 122
463 468 125 338 86 173 350 484 96 330 345 26 454 184 38 363 346 66 395 340 199 408 354 49
215 345 337 194 160 397 180 21 246 324 454 90 467 288 464 40 413 244 386 146 499 377 162 233 33 421 76 169 356 186 317 261 405 438 277 417 164 114 153 239
536 329 224 323 206 186 482 386 124 194 284 412 405 64 352 448 465
551 274 384 124 290 122 130 103 187 397 408 403 462 60 146 279 266 409
43 99 86 56 303 159 34 329 324 43 199 186 354 338 499 339 481 337 411 255 345 179 336 90 408 62
591 206 356 411 261 363 423 471 194 451 41 160 257 413 66 477 279 246 164 312 239 329 183
761 313 76 402 130 347 335 84 124 156 312 62 66 70 492
852 188 324 41 257 39 479 413 191 262 337 279 277 21 335 411 104 79 405 252 423 111 68 164 432 1 212 319 174 356
768 79 479 99 279 115 269 329 467 194 317 180 490 263 336 372 40 221 54 386 465 364 70 438 153 391 55 135 258 330 411
268 269 285 499 249 287 498 33 169 462 405 477 330 308 312 337 318
772 267 338 117 234 354 454 441 86 405 399 212 329 345 324 428 207 337 146 339 387 336 357 468 479
488 216 121 246 62 492 458 314 10 234 356 35 388 479 330 34 266 464 287 70 454 499 160
338 327 339 118 215 33 117 342 28 480 238 449 380 80 434
199 431 146 124 237 41 479 239 384 50 464 160 76 42 340 345 62 84 395 246 488 356 312 463 337 423
646 248 339 423 116 153 399 93 417 263 86 355 54 499 431 246 130 55 363 342 135 386 496 479 199 104 408 303 97 50 177 338 160 370 410 164 59 454 239
687 279 379 411 96 40 372 187 173 33 460 464 465 62 137 160 439 111 499 454 437 418
896 160 451 335 124 153 324 175 251 59 246 477 54 436 330 258 174 438 363 34 66 421 481 279 227 339 130 468 356 111 93 413 1 164 85 469 338 50 454 408
2 449 192 482 420 419 446 181 21 175
754 232 62 42 147 71 463 364 464 447 330 107 336 154 137 194 312
789 413 409 103 363 450 494 284 248 3 457 352 467 20 499
560 266 436 124 278 354 33 382 465 224 365 130 199 399 428 179 335 336 11 387
748 90 1 335 39 469 430 317 36 222 186 68 146 318
697 490 386 53 133 181 411 428 43 239 51 467 408 413 153 50 284 399 363 177 54 251 317 312 451 263
397 410 408 93 396 336 155 158 179 337 153 363 413 160 186 411 395 147 431 468 77 199 33 86 124 464
428 377 438 423 330 277 274 59 345 329 247 363 258 360 465 339 364 324 160 410 287 187 468 499 184 34 451 336 33 431 403
309 413 405 195 395 474 350 345 93 354 95 116 428 186 386 47 40 244 419 338 124 441 399 331 11 1 86 467 185 168 312
416 289 177 330 356 487 438 205 21 62 30 271 382 376 155
135 464 413 160 180 133 162 239 430 324 377 337 465 153 329 317 206 56 499 363 54 4 267 454 53 34 164 345 57
386 477 84 413 34 335 309 405 412 195 436 298 431 430 339 377 382 163 66 355 336 132 179 33 417 356 62 479 499 396
348 277 81 430 122 337 118 158 368 54 356 417 421 469 363 160 243 135 239 248 21 164 420 413 1 481 287 153 317 360 263 423 66 324 451
553 498 330 368
33 317 97 268 1 86 353 186 122 409 248 338 413 345 355 64 489 284 200 3 366 82 197 399 352 251 175 153
731 242 186 274 33 26 436 393 220 411 395 1 198 204 95 277 140 168 317 413 258 145 481 335
798 130 160 339 405 464 404 266 195 234 313 382 329 336 21 499 56 377 52 447
631 499 465 362 122 196 28 467 345 137 396 239 408 379 153 287 339 463 243 254 50 111 87 160 54 274 130 96 251 329 482 33 454 108 337
451 337 86 179 153 258 160 431 293 356 408 396 116 130 33 124 246 454 199 279 470 192 152 487 317 287 451 261 21 468 374 54 345 239 55 108 464 338 421
212 146 332 322 19 346 490 336 195 188 36 405
960 423 354 199 41 413 159 451 272 247 469 66 62 287 386 146 368 479 86 194 116 499 1 93 160 405 175 377 101 454 317 163 124
829 173 99 243 396 201 336 187 329 386
12 481 499 251 386 55 417 363 21 199 271 94 421 364 239 186 266 130 246 273 356 429 97 468 60 451 292 423 384 338 116 431 104 164 337 86 124 64 339 345 41 284 155 354 312
704 491 146 388 464 185 429 490 234 285 237 195 107 465 212 206 397 405 99 401 423 352 481 424 232
614 481 177 411 484 187 81 281 213 194 145 181 59 247 429 386 439 18 263 478
293 283 346 292 36 390 163 257 387 324 337 86 19 116 118 34 260 345 338 195 179 114
31 421 292 274 337 251 62 239 431 247 482 368 464 47 345 240 96 492 160 361 238 435 363 396 153 467 124
850 416 47 338 339 246 117 179 337 26 257 187 204 205 482 423 72 251 242 125 1 86 340 185 220 342
404 152 237 154 169 356 318 492 32 382 239 404 289 52 62 16 194 246 164 406 41 330
950 284 356 130 464 330 64 318 465 492 107
476 420 277 339 468 25 258 246 51 346 187 178 345 430 329 380 153 319 54 19 1 408 160 308 86 438 133
580 21 277 408 342 1 63 186 153 421 363 56 339 55 287 451 379 468 202 184 413 111 411 454 281 246 194 423 480
236 170 195 234 357 499 479 436 277 84 169 438 330 179 336 431 290 41 246 444 364 492
163 312 330 412 492 404 384 252 479 266 146 348
823 337 57 345 482 377
239 247 123 477 244 214 117 336 93 450 354 499 92 199 175 177 202 284 46 40 465 1 41 429 287 155 191 197
160 463 266 261 41 232 21 246 436 252 160 339 465 408 130 404 108 62 464 368 451 454 364 343 34 356 431 396
458 234 336 57 497 6 405 4 444 322 162 479 121 212 262 307 39
332 484 53 243 200 51 81 50 135 189 251 287 454 202 457 173 9 30 246 180 347 467 164 133 273 464 18 340
559 406 438 499 405 413 177 463 135 153 81 160 312 277 239 417 62 317 454 41 251 491 66 155 56
837 16 487 97 318 42 356 81 99 190
53 130 106 174 437 386 284 160 338 169 363 153 187 97 352 41 199 499 484 62 345 330 116 413
413 19 338 199 499 212 310 335 0 408 346 66 159 233 160 34 114 354 57 387 324 345 430 234 112 163 246 290 454
682 154 376 221 346 62 397 241 74 1 76 49
983 262 222 322 146 179 41 114 408 252 329
628 90 226 338 219 179 394 39 86 117 33 284 144 93 35 441 133 88 80 116 199 314
733 160 451 417 116 258 152 179 261 153 174 21 54 155 122 66 382 463 363 335 337 431 319 329 471 338 239 468 6 318 313 223 493 330 345 33 264 339 336 193 454
722 21 464 338 153 330 232 354 296 287 96 411 41 199 175 164 469 356 499 336 118 431 463 451 454 467 62 284 133 160 334 86 487 70 345 252 319 0 352 213 335
616 318 179 261 399 408 477 336 213 195 246 51 335 464 154 288 62 468 6 463 287 367 41 130 356 479 34 337 234
276 251 387 36 322 405 479 324 327 19 430 215 338 98 163 116 336 346 403 345 23 86 444 162
131 187 356 382 247 153 71 482 118 152 246 135 41 110 257 463 244 421 336 405 345 411 239 499 117 413 160 377 172
813 144 267 116 464 408 9 411 354 345 147 210 174 271 175 137 86 164 143 199 258 53
668 384 195 71 423 312 405 190
996 94 203 263 175 408 205 469 136 227 363 160 418 186 140 199 451 279 423 438 454 277 338 354 377 345 116 86 1 317 267 467 258 441
715 239 79 279 303 104 354 363 86 116 408 54 454 317 263 160 338 472 326 199 311 281 177 97 377 417 158 419
894 499 397 248 187 360 196 166 202 122 434 284 482 251 409 164 64 336 484 81
868 169 224 87 420 293 407 279 54 451 250 454 287 263 464 81 438 274 258 108 33 410 413 368 330 41 188 356 34 277 122 337 16
79 169 239 396 312 477 479 438 423 153 86 41 335 464 339 356 317 431 237 266 257 421 46 81 152 337 21 405 293 463 66 5 124 336 147 116
409 338 464 454 335 70 66 41 261 469 390 477 363 479 330 56 62 356 160 339 345 246 287 28 277 499 318 146
391 122 423 363 342 59 396 464 258 468 336 111 261 56 81 175 345 236 116 287 169 153 196 364 481 404 329 337 451 408 28
288 382 134 239 454 463 130 169 153 377 135 499 464 317 287 368 146 48 390 47 356 160 66 266 345 21 274 188
943 346 337 396 423 66 420 21 239 212 52 364 356 438 257 50 87 164 67 499 421
610 405 377 468 164 335 169 479 451 62 499 41 76 477 232 5 104 174 416 410 246 279
702 169 447 405 469 423 9 153 318 377 50 205 231 26 451 413 264 210 41 346 21 97 479 132 108 160 330 492
541 103 241 16 326 345 33 251 386 352 116 200 438 499 239 41 146 461 21 396 196 467 346 62 336 449 124 28 194 339 53 153 186 464 19
280 305 175 64 499 89 413 173 469 185 205 227 454 28 186 482 187 251 490
459 186 405 116 336 85 489 409 168 184 418 311 457 86 199 200 251 140 103 496
973 195 423 93 40 405 116 219 374 86 199 338 430 255 186 36 35 303 409 490
209 438 322 239 405 336 56 262 337 121 467 179 212 415 448 270 114 230 266
456 441 373 32 413 133 11 80 0 434 41 469 318 365 238 451 250 43 410 166 174 135 14 175
644 36 346 336 54 33 215 11 377 354 118 86 290 345 34 441 19 160 337 114 153 474 467 116 28 8
758 234 260 479 451 258 195 458 212 469 430 405 492 447 345 346 199
931 108 130 54 411 258 167 66 431 235 246 410 227 329 124 337 426 408 347 264 335 423 477 368 356 56 169 160 132
465 195 317 363 479 336 312 239 160 261 41 396 287 247 337 132 318 179 130 464 147 263 277 153 174 467 339 356 390 386 499 405 345
714 93 123 180 284 125 119 418 153 377 386 397 268 499 270 47 251 448 239 345 413 398
587 284 413 287 402 212 19 62 377 64 479 469 54 189 356 121 169 53 423
425 372 164 499 324 246 86 326 336 354 455 173 79 465 345 116 431 423 208 40 93 401
925 468 20 429 111 130 499 438 250 28 287 413 478 85 363 277 390 261 279 59 481 424 96 382 464
800 430 212 336 162 101 405 316 4 337 233 114 23
946 287 239 345 234 212 332 337 338 458 199 86 139 464 116 354 479 246 115
567 62 408 255 212 56 323 262 118 288 339 194 27 66 146 287 336 239 364 390 241 159 21 464 468
844 252 162 337 146 68 179 4 497
501 221 111 293 499 287 160 165 261 472 117 480 434 449 94 410 435 345 133 207 342 257
721 234 322 377 337 479 387 444 262 105 121 307 179 195 346
542 29 384 153 147 140 20 179 356 492 168
781 421 116 33 327 451 79 338 346 336 267 335 117 53 19 337 403 345 199 86 377
67 287 173 393 454 492 62 431 370 180 490 248 363 402 17
180 368 53 227 49 194 267 220 350 153 317 26 204 38 340 395 356 242 330
184 28 220 228 7 205 88 184 130 407 23 142 186 340 122 246 265 242 323
266 482 20 377 242 283 95 274 38 124 368 106 204 78 493
421 336 211 179 454 199 59 187 345 160 337 468 329 339 253 292 274 499 173 481 363 85 323 488 1 188 62 407 287 317 212 21 492
617 177 464 454 255 421 223 56 329 404 124 246 164 100 135 279 318
903 418 293 177 169 179 40 499 421 66 59 477 96 338 340 368 153 343 482 50 205 407 403 337 469 207 34 41 438 354 130 122
7 219 362 215 354 428 429 287 85 205 441 368 283 386 360 286 216 413 258 284 64 220 352 124 11
692 235 153 274 184 111 420 59 55 258 238 413 173 454 277 182 186 423 363 1 410 135 94 446 460 81
123 251 354 21 454 438 258 424 396 418 423 287 408 465 56 164 66 187 413 397 491 239 206 339
56 173 376 431 481 377 164 9 438 355 160 454 59 451 147 248 499 124 41 410 287 429
684 226 169 498 41 465 382
432 390 354 45 216 281 163 271 55 179 117 219 86 199 53 279 263 59 440 211 108 352 409 133 243 373 336 314 116 21
689 277 160 68 464 467 469 281 54 173 39 295 174 90 345 338 116 211 336 429 479 86 312 463 413 62 111 329
29 450 397 438 111 280 20 244
838 274 408 160 336 173 55 451 464 251 111 411 479 338 463 33 39 339 118 90 337 345 258 413 101 130 85 116 59 186 187 329 169 356 430 377 223 64 499 137 179 284 53 341 199
321 284 146 465 386 423 430 352 163 335 499 130 90 487 436 243 431 387 159 39 62
513 149 220 280 160 242 346 73 205 345 467 125 395 95 140 363
738 410 251 363 247 329 346 345 54 438 454 277 124 94 484 122 354 106 99 293 116 130 55 66 184 187 146 271 443 199 286 160 62
310 431 373 181 147 386 81 173 451 160 317 247 54 258 194 40 169 266 499 251 438 360 368 363 174 263 338 287 227 413 20
100 130 246 471 465 194 66 118 498 423 27 232 477 62
683 451 466 59 454 18 417 175 213 174 186 429 481 263 287 13 41 20 397 484 352 438 490 281 485 164 30
172 117 55 96 239 464 479 16 345 277 259 261 153 111 451 445 413 454 175 471 363 396 130 52 364 279 477 118 408 50 236 287 468 194 469 329
377 96 279 160 55 438 109 41 21 390 263 164 1 326 104 116 199 363 130 431 339 317 86 451 51 337 338 277 376 196 111 124 396 50 377 413 499 246 354 454 144 179 137 42
607 141 249 167 221 237 469 391 402 492 226 28
734 135 421 464 195 288 122 169 330 368 173 287 186 467 492 454 480 487 447 335 356 246 160 147 41 182
971 438 160 50 246 337 463 382 269 330 499 401 239 396 41 16 237 479 193 462 5 62 179 464 312 477 100 336 152 405
561 408 373 496 94 246 130 117 454 137 53 33 475 339 107 81 365 85 495 132 258 330 356 410 122 287 41 370 263 18 133 160 364 464 104
340 467 448 64 119 153 270 93
68 499 431 377 97 199 6 467 66 438 179 41 363 21 277 51 153 468 464 408 368 329 244 342 454 160 33 132 477 345 323 287 93
909 317 410 287 122 173 395 434 59 104 175 251 26 263 413 111 340 451 187 124 454 125 363 220 198
833 392 420 175 116 338 248 244 282 295 199 123 291
246 53 405 479 411 118 413 370 327 287 160 153 428 133 449 394 1 36 399 11 467 441 387 262
962 484 423 339 164 428 11 460 53 494 59 93 104 399 495 92 317 481 153 271 467 13 421
423 258 287 356 100 330 196 396 118 50 339 408 410 160 391 477 411 232 404 169 149 21 382 41 376 479
623 356 246 62 194 235 339 329 196 304 404 41 382 464 396 153 406 236 317 499 74 454 135 279
334 287 467 370 104 244 451 345 179 408 9 360 326 173 465 198 338 273 59 40 268 337 116 108 199 482 423 277 147 160 207 317 124 466 50 372 329 454
787 424 429 439 317 123 363 413 356 248 489 451 64 147 180 386 336
612 33 57 363 66 202 416 184 484 340 122 467 111 368 464 345 477 207 53 362 186 364 149 239 427 454 227 21
389 19 454 346 104 101 206 39 212 122 269 405 90 34 360 330 114
517 86 107 196 266 477 336 258 175 267 279 354 472 249 363 338 104 195 62 479 287 454 41 174 329 117 116 471 93 277 326 413 317 118 345 468
926 110 337 153 435 439 103 59 33 138 21 274 258 339 356 277 353 421 372 40 164 239 475 396 409 365 413 160 418 423
523 340 125 41 393 242 482 265 186 248 368 427 395 88 172 227 246 337
86 212 329 447 153 163 354 346 356 86 317 467 260 36 405 408 116 277 93 413 352 258 337 199 179 477 26 19 395 479 173 299 451 41 398 234 345 386
126 462 330 51 266 277 396 454 354 124 451 345 346 301 377 130 199 293 413 338 179 318 464 438 404 232 160 116 237 54 479
13 482 284 423 293 409 377 64 39 237 205 199 338 93 40 124 68 90 354 116 363 86 214 372
737 390 162 479 334 319 346 114 54 212 337 321 233 464 53 345
73 160 368 469 130 482 88 106 467 83 153 239 381 345 26 89 187 386 461 28 337 480 54
901 246 256 193 62 236 382 312 490 343 194 41 436 304 169 404 249 477 396 94 237 217 164 386
14 223 363 354 261 193 6 59 258 342 169 398 209 34 86 257 464 41 188 93 338 146 343 312 463 356 477 153 116 131 252 329 164 33 431 199 330 274 99 194
898 154 176 232 368 438 209 122 160 304 21 155 330 108 239 464 356 499 471 246 406
834 62 124 467 318 277 405 345 356 354 271 338 499 317 246 336 337 195 465 199 319 339 411 57 41 260 86 252 451 21 115
974 384 438 146 1 284 60 62 266 463 130 258 193 317 174 41 406 6 313 454 252 277 169 294 343 390 330 261
995 153 263 287 258 364 338 438 340 199 188 246 41 277 124 257 86 147 130 349 108 53 451 317 408 436 218 247 477 345 34 122 410 267 335 434 354
512 146 381 405 91 277 179 336 337 315 425 287
301 482 386 88 64 140 95 203 186 286 340 205 350 416 26 1 124
16 21 257 464 396 53 312 490 318 330 74 479 41 164 62 261 201 71 406
792 336 377 322 169 40 114 108 364 356 177 116 179 175 423 288 261 107 278 135 86 93 463 405 448 251 372 97 194 465 46 66 164
325 284 330 451 187 337 177 261 186 274 21 255 468 263 363 218 339 418 153 499 469 246 317 164 287 386 423 56 408 336 143 33 277 251 481 160
705 475 238 21 205 365 319 363 146 499 407 337 26 410 246 323 124 80 368
911 239 339 408 246 334 370 337 124 175 267 477 317 355 160 111 179 203 35 66 399 421 296 277 464 15 482 199 133 338
354 258 342 247 199 354 54 429 99 421 232 397 382 251 108 153 59 410 116 117 86 277 21 326 413 423 287 1 160 406 438
214 1 355 287 62 85 317 143 339 153 250 413 494 469 248 199 258 263 386 311 460 97 86 354 284 408 116 338 410 329 94 251 454 160
256 18 151 364 82 173 451 469 465 153 287 363 355 413 496 255 28 329 160 213 408 467 251
74 222 479 260 387 444 10 234 121 36 458 195
51 96 337 329 382 271 413 239 59 11 1 92 399 428 363 130 287 99 164 438 328 135 53 25 21 339 33 133 394 424 248 243 482 451
287 174 56 347 480 169 466 263 66 408 164 329 192 317 246 273 396 423 130 413 258 108 339 470 477 293
414 175 93 374 153 145 130 184 248 244
107 430 408 356 86 405 175 34 387 317 354 33 111 363 160 477 479 394 465 169 329 403 330 357 468 239 438 345 41 179 428 451 338 464 155 199 11 423 413 377 187 287 421
912 391 249 239 330 96 357 154 377 492 62 0 464 432 312 160 287 465 234 66 206 246 499
196 11 179 464 229 41 337 6 479 468 246 287 256 258 413 239 465 21 160 62 454 356
653 35 354 54 89 247 490 186 271 312 235 412 86 463 21 40 477 199 116 70 258 479 330 432 408 372 246 464 130 81 292 499 438 465 195 66 179 283 345 155
736 261 466 403 322 439 93 286 194 404 244 96 342 209 274 239 364 482 467 386 397 207 114 281
382 356 438 169 251 279 404 94 194 52 59 363 408 499 345 55 287 410 496
700 220 54 205 354 106 140 338 451 111 340 130 26 345 290 317 168 287 346 337 377 38 8 204 15
277 438 263 194 384 18 447 193 307 232 131 408 467 161 124 492 168 336 160 137 464 363 499 454 388
330 345 116 354 153 282 270 64 386 86 199 93 467 123 320
419 363 11 354 329 423 477 153 261 251 173 467 413 394 130 349 243 345 326 199 428 338 317 66 116 248
470 27 108 318 173 106 287 319 454 232 99 273
175 174 161 311 40 173 255 324 56 244 267 117 207 277 261 42 233 118 274 283 186 232
664 246 160 29 451 467 363 339 33 345 413 251 93 11 428 153 55 342 399 317
307 140 364 33 35 417 372 97 293 421 146 464 284 246 386 192 153 252 191 352 41 454 448 168
880 330 117 466 339 317 451 211 342 175 104 160 468 1 33 454 41 423 287 465 329 364 274 169
810 178 420 262 386 4 356 199 335 405 212 407 292 396 111 499 345 179 330 116 246 337 479 431 169 194 364 237 382 354 146 261 377 55
339 153 161 287 251 64 386 317 363 457 499 122 352 462 187 413 432
860 415 201 71 114 249 41 377 372 206 70 260
424 209 274 247 477 277 194 50 130 59 60 329 21 493
284 258 1 19 336 363 40 346 454 377 411 337 330 345 354 244 250 199 451 338 86 35 116 186 43
489 121 163 413 447 339 426 451 322
1 247 261 13 410 413 251 414 93 128 130 337 469 408 202 77 450 467 153 277 345 448 29
445 151 346 206 336 464 224 232 146 468 477 99 330 465 499 329 260 423 66 322 5 241 323 318
655 409 140 377 457 499 185 19 212 214 191 352 36 284 474 103
919 404 169 396 131 468 288 454 451 21 464 287 223 107 55 108 345 317 218 431 420 463 499 364 471 318 477 277 99 492 132 130 50
322 168 26 395 140 186 185 49 38 204 460 205 242 55
522 368 420 21 337 54 111 377 408 104 438 467 339 477 413 188 258 124 153 160 66 363 1 451 329 130 287 468 179
835 405 138 336 335 97 377 404 312 249 337 50 352 431 234 106 421 330 100 284 232 499 261 169 152 343 386 432 304
905 277 440 187 4 178 174 40 244 62 274 150 255 357 417 251
251 391 397 239 406 169 337 290 336 330 283 146 490 335 318 463 377 62 390 324 477 369
460 62 6 258 477 86 287 246 261 282 41 155 429 468 206 239 438 454 301 106 214 251 191 211
857 364 312 224 34 492 25 408 435 335 323 411 160 287 62 431 277 234 382 363 130 33 206 330 21 187 53 79 155
282 160 413 272 247 114 277 246 286 267 234 164 343 248 337 458 130 330 243 482 283 479 430 339 230
755 293 454 205 147 374 99 388 30 135 406 277 287 160 279 1 274 62 329 137 104 499
229 186 468 346 490 312 292 59 345 195 339 90 164 363 330 39 74 284 463 317 413 64 249 212 352 419
773 179 284 467 75 86 29 354 345 47 448 337 116 386 124 153 366
870 410 481 336 454 345 174 382 160 62 404 462 131 463 124 258 41 53 60 318 469 431 52 492 338 108 438 330 499 301 411
427 130 41 135 21 339 243 236 315 146 117 364 336
405 448 499 39 50 47 308 386 62 130 251 143 320 160 363 33 464 66 468 465 287 352 258 221 413 41
368 137 1 96 160 237 436 338 116 469 175 377 76 56 274 336 86 324 346 199 19 262 464 430 212 477 339 451 232 101 52
602 6 93 277 206 56 35 408 292 363 421 398 196 374 116 1 440 386 75 103 492 161 186 335 130 336 339 377 200
210 57 338 330 127 345 252 354 234 357 436 479 101 337 179 76 146 84 465 195 118 405 431 287
161 415 86 185 490 49 220 179 258 423 42 26 84 6 124 62 54 338 451 417 190 363 386 368
709 337 93 322 283 345 270 153 287 279 160 251 175 355 144 24 451 86 244 372 442 40 199 448
469 205 352 185 239 49 164 340 492 86 464 152 153 265 317 436 124 336 242 62 356 318 130 246 337 50 386 204 469 354 479 38 431 284 194 195 116 168
676 130 175 173 124 284 457 363 340 26 160 41 50 329 462 133 339 251 62 202 408 413 164 418 281 258
967 402 274 349 438 100 258 235 111 466 329 454 499 386 242 431 492 190 464 192
619 413 40 83 418 372 283 291 337 377 47 450 244 78 350 202
396 336 208 246 429 273 153 356 93 135 232 155 251 177 263 113 59 18 454 481 467 360 287 466 363 239 317
371 184 66 187 334 435 236 345 153 179 124 279 53 108 160 337 89 54 408 255 246 238 467
446 431 270 423 64 317 153 124 454 337 441 352 22 377 213 1 251 199 258 319 311 279 448 499 116 186 137 284 467 490 394 469 413 428 399 345
387 420 164 499 21 364 396 185 261 41 382 264 463 416 246 146
381 270 395 418 448 449 410 346 22 153 133 317 499 160 116 123 53 111 199 467 338 203 345 81 354 180
693 171 162 322 497 65 337 36 321 403
8 279 477 33 179 431 261 247 284 109 413 79 55 410 99 124 376 246 1 387 257 352 64 479 356 41 421 251 137 347 181 411 337 173 396 50 472 81 317 330
343 175 199 191 40 100 62 413 214 109 167 14 17 251 122 312 278 160 402
95 336 372 87 318 454 62 117 74 244 413 287 283 86 116 345 317 191 338 492
361 469 499 160 166 263 246 97 373 438 55 116 84 338 284 356 477 179 318 41 354 337 418 124 232 194 113 187 345 175 349 330 411 454
365 279 295 68 413 49 64 57 352 152 19 417 405 160 262 386 401 479 499 284 336 212 6 159 423 90 350 62
217 55 124 199 356 116 21 35 464 454 354 377 410 337 413 41 387 336 436 114 212 234 327 62 239 160 479 179 345 403 408 287 363
270 459 454 356 196 153 429 363 174 467 111 160 451 257 50 94 172 499 287 410 423 135 466 13
227 354 363 277 346 104 469 248 19 499 174 255 236 373 329 489 492 317 249 447 198 199 59 41 421 466 431 345 37 370
351 451 1 317 498 338 130 449 41 59 116 73 354 484 175 124 227 160 430 477
818 337 114 252 127 458 234 387 405 377 461 306
775 227 2 15 86 346 199 479 292 6 499 368 290 160 90 477 336 62 246 146 464 68
411 478 346 267 113 74 28 189 59 324 81 158 348 52 11 317 211
166 442 93 467 491 244 413 439 490 377 372 352 97 363 125 386 81 429 64 395 95 40 123 168 492 248 140 194 423
573 251 277 55 418 59 489 424 249 239 111 405 363 413 451 160 244 329 247 396 287 271 104 468 173 339 463 273 187 337
221 366 450 441 434 438 258 40 92 153 377 454 244 287 251 345 428 175 413 328 160 394
920 420 340 194 234 186 261 71 55 463 423 263 382 115 237 479 304 477 49 287 155 413 396 99 301 318 364 206 404 42 405 465 312 377
34 317 133 499 212 130 438 54 41 153 169 464 319 53 356 477 479 26
344 317 279 354 482 340 407 467 61 368 252 413 242 90 179 284 283 53 86 323 423 218 199 185 64 421 26
271 64 354 157 194 168 209 41 207 410 49 284 26 116 244 172 463 480 60 405 395 124 220 265 345 465 242 104 479 173 205 499 386 86 350 125
44 68 130 179 53 317 482 39 0 47 346 403 239 160 280 146 266 337 212 36 421 233 474
101 284 186 258 454 386 287 117 55 362 54 467 482 251 438 484 198 317 213 469
679 464 261 128 335 257 492 174 374 62 194 130 293 237
498 482 53 251 181 354 81 279 451 196 145 338 410 99 227 477 317 177 54 192 287 135 411 413 86 281 93 160 13 363 199
650 287 356 108 339 62 6 438 465 55 124 277 169 130 257 404 421 408 33 66 146 86 464 239 252 423 390 261 436
710 86 164 434 284 330 246 336 280 153 479 64 173 207 251 62 345 408 244 360 130 277 287 104 196 106 423 107 180 160 469 124 454 312 410 387 363 354
506 274 246 108 130 364 176 386 160 47 41 499 80 363 317 377 305 287 29 345 131 54 465 21
514 287 182 440 180 250 104 13 100 34 144 408 177 273 56 247
698 101 363 337 336 199 354 124 179 399 449 53 317 133 394 178 405 153 334 114 54 339
985 133 185 206 266 35 49 346 479 265 492 292 386 234 244
127 273 130 33 187 482 135 287 429 454 329 410 467 207 43 317 202 341 363 326 258 235 40 345 99 244 448 143 468 372 160 392 1
801 41 251 339 217 293 6 34 404 356 160 164 279 56 411 345 405 261 477 463 454 283 135 377 396 42 421 54 257 263 287 196
539 451 354 416 140 205 86 38 95 345 199 431 172 368 88 340 59 283 482 263
448 358 229 381 253 486 120 252
717 448 40 499 153 346 121 476 345 421
711 465 317 482 339 239 153 451 413 97 246 271 202 364 108 261 417 21 454 236 130 62 155 347 66
764 41 457 408 93 1 194 479 345 180 352 438 413 207 179 199 86 467 116 286 354 96 234 279 386 411 418 287 252 369 284 59
336 386 469 479 308 169 246 462 284 413 239 16 451 477 175 160 185 41 499 75 335 164
543 312 356 318 16 62 185 137 246 130 410 339 464 330 164 257 396 404 420 465 261 283 194 169 408 421 345 209 239 364 160 249
400 489 41 317 108 133 124 55 93 352 1 467 281 386 62 469 153 160 431 451 174 413 28 175 454 26
358 467 345 146 199 173 189 86 482 248 66 164 175 339 198 53 188 338 267 30 160 410 246 454 59 413 319 116 363 360
235 146 338 160 345 62 468 352 179 329 64 39 130 104 477 287 175 454 207 239 153 408 186 277 386 421 90 337 151 252 56
157 330 53 80 199 410 465 405 252 336 451 354 329 317 130 464 438 467 403 477 267 146 337 345 479 363 356 35 116 386 364 454 287 99 246 137 322
893 404 21 178 330 377 464 40 96 481 468 116 469 338 343 33 260 199 354 16 86 465 74
626 330 237 404 155 195 431 6 288 464 499 260 463 70 377 336
603 41 451 438 339 277 177 429 303 430 108 163 135 81 130 454 496 180 160 101 413 342 117 490 495 281 79 263 408 330 346
366 113 392 411 133 181 286 251 13 449 429 137 174 360 117 434 93 370 59 281 1 173 451 17 202 363 373 341
327 233 86 317 336 234 179 101 377 454 330 262 116 260 458 57 287 387 430 279 162 338
799 404 363 201 420 104 492 356 318 59 62 335 99 377 287 183 279 187 468 343 413 194 411 232 132 54 479 467 131 239 111 261 396 345 80 169 258 382 454 71 464 246 364
680 257 287 116 66 363 411 137 64 468 279 364 187 239 108 153 454 408 438 160 277 465 354 419 164 135 317 244 477 339 377 251 246 337 338 413 482 459 347 418 104 86
586 85 499 55 258 349 360 363 130 246 451 317 482 340 247 122 345 376 467 124 413 478 429 160 418 330 279 368 132 454 173
921 423 41 345 356 55 186 469 386 305 228 258 382 434 246 130 337 363 189 467 451 477
