230 374 282 423 36 428
713 79 135 27 366 81 41 254 115 342
807 317 411 298 254
423 92 195 135 237 27 29
830 159 362 338 430 214
471 92
741 438 399 405 372 64
994 244 18 12 29 185 454 229 296
300 59 264 165 29 416
48 288 317 219 265 27 339 475
840 92 195 219 288 138 416 227 323 338
137 227 323 404 137
586 92 457 110 117 213
232 27 126 303 144 14 29 185 15 175 92
809 453 395 410 91 213
805 213 92 237 15 359 265 195 219 27
383 374 471 57 143 39 12
738 289 151 455 314 434 250
468 126 165 144 169 443 40
495 50 195 160 422 126 339 172
997 259 22
622 229 334 80 471 111 39 92 219 195 317
501 10 408 428
427 106 160 332 213 135
4 245 362 180 92 126 41 289 219 195 265 27
714 292 41 92 195
853 14 113 249
49 27 92 219 180 372 195
692 213 339
63 27 115
747 229 339 219 195 92 379 448 465 213
669 92 219 195 164 460 314 385
435 92 58 136 464 374
630 175 195 92 295 430 126 374
500 195 219
430 92 195 219 29 213 99 143 50 299 265
68 333 477 465
267 92 126 229 43 374 471 80 27
10 219 195 229 334 150 16 265 319 113 111
175 289 389 37
956 265 175 366 372 289 180 284
721 92 195 213 237 76 27 289 29
436 261 63 89 110
322 92 219 265 165 12
535 381 143 382 80 229 243 241 218 372
846 195 219 362 127 52 27 175 317 416 395 160 214 150 374 289
497 150 332 79 92 25 219 140 67 446 39 255
854 289 374 12 29 296
704 92 219
334 317 440 181 180 257
684 348 137 70 445 227 323 268 461 333
962 453 389 15 92
131 92 117 76 220
73 91 482 92 41 135 214 27 465 29 204 213
394 274 183 42 219 195 126 157 324
317 29 92 374 329 144
483 92 175 416
158 36 92 54 343 240 282 238 125
476 27 218 237 185 265 485 410
437 150 112 342 409 289
891 90 314 212 257
995 301 92 126 163
264 314 330 105
542 92 144 369 475 319 126
587 451 257 455 183
170 92 219 443 151 175 71 195 314 354
0 471 229 161 92 195 413
913 374 289 31 229 411 165 343 191
215 92 219 195 374 260 357 356 295 322
452 395 92 115 213 332 264
248 180
189 178
365 214 268 223 452 83
194 430 447 66 14 3 204
304 359 281 97 316
549 98 419 121 348 416 223
753 144 174 29 353 374 402
477 395 214 416 27 213 397 465
668 165 372 319 183 457
222 27 219 195 289
636 50 219 195 229 334 185 265 143 29 374
161 416 27 267 339 14 350 92 214 138
402 443 389
356 465 259 160 92 395 195 319 143 50 300 115 165 477 204
682 260 144 26 448 219
245 27 416 303 150 144 29 185 203 168
496 315 262 44 332 195 48 449 222
608 115 46 477
125 140 92 219 195 414 222 190 438
16 332 465 160 92 41 179 195 285
54 92 237 229 471 195 219 213 280
524 224 92 27 227 9 60 276
575 289 317 127 126 220
965 162 368
375 48 60 25 332 12 29
671 106 446 416 395 14 46 115
122 92 195 314
900 46 170 429
312 10 408 92 126 336 229 27 410 80
915 144 404 89 330
265 169 92 195 183 42
401 219 185 126 332 198 167 196 5 160 438 24
565 196 92 80 229 195 265 242 126
223 91 362 358 438
184 213 416 267 15 79 257
277 416 9 438 471 257
364 92 70 413 278 69 299
697 477 481 249 133
831 314 451
909 92 246 309
641 195 319 240 13
179 73 92
792 237 175 258 15 27
151 374 21 80 29
444 27 92 39 397 374 289
922 195 219 229 80 471 111 96 285 72
224 92 219 195 265 183 42 334 221
369 195 92 394 265 237 150 213 319
225 117 423 219 195
593 264 213 416 117 203
812 151 443
37 337 330 455 400
594 314 115
36 92 127 213 117 165
523 92 195 219 15
699 135 301 268 219 128 461
734 398 354 27 79 439 214 135 422 257
39 131 110 387
295 115
530 183 25 473 256 100 29 92 317 289 126 165
296 342 251 177 311 380 146 318
982 64 15 29
867 39 259 219 362 14 15 262 115
376 115 280 270 477
567 246 14 332 402 46
318 92 210 13 195 440 150 314 124 219 174
114 178 27 7 271 0 416 92 219 195 317
481 92 455 385 76 219 227 323 268 461 71 329 129 213
395 180 352 156 220
906 397 24
417 29 317 438 465
579 35 193 443 423
880 213 214 416 27 438
996 260 429
129 311 222 115 29
231 97 409 281
5 417 92 314
952 401 446 115 386
680 416 213 92 115 446 288 219 195 113
6 486 15 431 183 42
563 308 317 247 257 12 178
991 216 53 213 419
91 362 247 366 374 289 219 150 52 218 372
926 213 37 386 134 395 367
293 285 96 438 92 184
879 117 92 195 219 61 265 259 229 442
489 29 213 317 219 175 76 228 160 220 7 92
280 455 212
139 92 115 445 195 219 118 333 280 481
932 12 438 287 364
885 337 436 56 8 420 35 404
360 405 185 395 414 402
220 15 79 265 164
895 213 173 443 217
17 413 92 265 219 195 244
858 92 74 219 195 455
736 37 59 214 305 15
949 219 195 455 416
434 92
208 175 265 374 127 150 314 319 126
228 92 213
381 77 92 314 319 219 303
204 201 284 40
822 453
408 419 374 150 69 332
690 92 219 195 440 319 124 13 117
649 374 332
340 126 284 481
188 92 219 195 93 161 474 82 265 440 57 460
123 455 195 219 413
462 213 402 219 14
270 315 271 27 395 330 26
576 223 395 214 229 416 213 160 165 402
59 110 423 131 339 385
287 214 274 31 422 219 195 126 246 379 292
881 231 229 57 374
887 413 165 227 323 240 416 126 211 282
308 455 116 92 392
590 358 416 213 218 446 448
367 98 115 477 138 3
988 397 75
164 229 334 219 265 317 289
195 175 218 92 195 219 291 109 465 244
604 92 289 317 143 50 372 229 185 127 362
118 41 204 317 136
540 229 310 374 80 62 119
426 107 317 76 77 314 455 353 144 108 226 74
227 92 229
679 185 367 120 143 333 284 325 339 290
62 92 214 457
618 106 300 213 15
946 314 41 389 276
929 225 175 48 92 127 410 313
258 265 79 150 465 220 213 185
882 219 195 265 391 79 126 319
121 219 195 288 446 115 339 333 213
945 435 27 264
163 329 240 303 195 187
700 314 392 114 353 15
116 139 28 137 145 102 461 423 333 343 290
600 27 416 318 86
386 453 395 214 106 14 160 397 344
328 475 219 317 195 92 41
345 213 416 465 219 195
787 260 79 289
51 92 165 274 264
685 54 395 289 362
972 175 276 146
171 77 239 383 55 27 92 389 286
842 126 265 57 219 195 440 457 178 218
351 337 330 105
102 286 83 416 424 27 471
596 165 88 225 362 247
484 175 27 433 289
404 289 376 427 325 425 92 374
554 83 409 397 246 48 395 389 362 228 245
883 197 289 40 92
526 334 285 344 125 419
306 33 319 195 99 462 219 402 477
212 370 335 411 413
725 330 131 105
38 395 92 218 180 27 195 219 351
816 214 160 338 219 195 46
693 211 265 323 374 228 27 102 343 300
461 140 204 92 195 466 334 11 413
553 289 372 50
144 453 92 148
81 195 219 453 15 289 374 202
666 227 80 323 229 413 268 461 153 471 102
275 455 41 227 219 385 369 126
286 265 195 332 179
205 115 416 309
412 453 146 115 451 60
800 92 161 165 317 219 5 168 82 439 195 231 364 220 198
562 92 115 416 362 477 140 284
638 374 457 338 317
407 92 230 219 195 416 175 227 102
109 36 195 219 464
977 92 25 237 372 79
453 416 27 213 9 144
341 314 71 374 416 27 265 210 219 176 216
687 423 110 343 161 229 80 188 36 131
789 175 92 195 219 27 150 332 143 258
25 413 100 183 42 327 229 88
969 92 165 104
914 358 366 398 122 106 379 448 465 214
43 92 473 220 195 219 265
288 407 329 265 314
1 92 363 117 74 314
730 372 180 339
466 213 265 27 317 135 162 416 45
658 227 323 369 452 284 389
901 79 305 414 115
243 213 206 446
344 213 416 300
55 411 227 268 461 329 84 102
647 213 92 195 448 476 416 144 219
904 125 113
292 213 315 214
694 360 420 207 337 404
443 76 416 213 92 27 219 40
14 260 92 195
446 247 218 358 146 332 160 213 14 264
363 92 395 126 362
442 254 397 462 72 399
261 29 219 195 7 109 39
324 265 202 362
788 92 322 14 214 362 395 160 438 175 398
78 236 389 15 185
760 92 219 195 65 27 53
13 38 106 465 438 332 214
343 416 184 219 195 222 402 284
229 343 29 178 176 21 395 339 25 165
31 90
577 165 274 265 259 325 219
852 289 156 127
449 240 282
705 453 51 477
663 218 374 27 92 195 265 219 140 7 155 126
19 414 477
609 28 416 81 134 115 386
348 92 413 150 232 168
955 220 79 357 29 438 344 126
390 389 14 293 446 189 46
253 219 222
339 195 219 117 200 319
276 92 372 126 165 70 164 374 226
384 213 416 92 110 36 454 131 233
601 213 92 374 325
686 92 246 223 224 219 465 195 227 323 213 367
132 92 195 219 416
272 317 29 196 27 175
337 77 482 383 365 41 272 433
539 439 87 374 168 317
964 312 446 314 215 115 213 302 344 246 333 288
463 465 201 19 395 40 39 292
561 259 289 92
374 332 219 214 395 41 213
581 372 80 30 221 237 150 454
2 476 374 193 314 219
927 416 7 448 213 27 92 219
34 165 285 190 126 140
488 27 175 92 178 289 219 195 299 7
460 440 353 194 114
141 35 314 105 404 360
355 92 237 246 259 195 229
790 314 376 343 390 196
557 299 374 146
15 315 416 15 27 452 314
569 374 209 427
768 385 374 175 440
197 22 460 92 195 219 229
35 231 195 113 440
498 473 92 237 409 229
566 27 92
366 102 115 249
447 117 219 17 440 353 29 257 32
327 289 89 354 86
766 315 416 309 213 92 343 444 126 475 189
454 254 310 229 13 433
916 110 423 132 411 240 181 61 442
740 265 228 363 439 468 249 242
396 227 219 195 146 144 323 443 381 461
634 284 249
420 161 0 289 285 393
56 317 195 219 175 475
69 228 93 460 92 126 165 144
249 88 327 298 132 183
22 41 371 92 294 332 465 29 244
88 175 219 195 381
181 380 465 160 447 438
551 160 465 29 50 317 374 143 165 25 251 214
810 440 151 105 345 284
391 92 109 12 141
310 229 161 219 195 334
350 14 347 350 430 132
936 319 213 314 328 300 92 219
837 36 374 229 80 471 111
874 92 455 195 219 27 378 29 265
743 185 159 289 438 402 413 319
670 165 257 195 219 265 41 317 54
820 22 195 86
698 165 3 259 29 25 185 31 334 88
281 12 29 41 296 291
794 219 92 289 260
920 195 219 289 374 24 452 176
241 332 14 166 447
976 41 395 203 138
866 303 442 336
469 288 67 175 92 332 219 317 27 374 416
706 219 195 233 78 110 260 357 429 213
213 362 374 175 289 332 465 113 249 54 218
143 92 117 257 195 74
780 276 289 92 438 219 195 439 402
82 397 72 92 219
432 80 471 229 343 213 219 195
45 7 465 175 371 416 222 325 189
947 29 317 304 374 92 113 378
126 229 334 442 314 486 115 195 178 477
898 213 459 98 224 397
183 86 114
534 144 465 438 367
859 431 304 143 126
178 447 113 218 175 133 364
388 174 449 416 288 367 314
546 416 353 227 123 323 102 355
79 264 50 214 204 143 356 414
923 92 219 29
176 332 300 367 125 184 293 430 14 288
455 246 257 219 80 150 95
479 219 135 303 113 270
619 29 296 292 126 222
279 195 111 219 92 285 483 229 80
757 117 142 219 195 314 151
117 29 213 92 280 148 118
347 334 80 111 70 237 161 48
70 385 416 176 92 329 129 446 115 333
168 92 195 416 176 265
269 92 126 195 257 301 434
465 92 169 474 143
67 128 392
886 289 109 380 342 196 439 247
316 135 443 122 338
428 176 117 369 186 229 140 92
980 237 395 150 473 16 289
733 392 440 103 362
405 438 289 92 160 218
806 344 232 300 280 333 477 290
41 455 219 195 374 110 423
329 405 317 27 24 135 217
632 92 257 219 195 440 456 255
873 389 92 219 195 227 213
772 219 92 368
931 369 413 96 219
833 195 219
959 289 339 68 135 395 185
246 92 195 453 325
960 46 39 280
112 169
418 213 440 443 126 329 191 323
623 92 195 219 348 199 165 190 126 229
150 374 39 381 80 111 92 219 195
517 76 92 378 471 305
888 175 317 27 92 144 487 169 126 218 196 456
392 374 399
507 60 80 471 229 39 150
64 92 371 410 107 41 317
155 219 126 305 332
610 213 92 289 416 27 135
727 303 126 238 186 10 428 461 374
259 213 76 349 150
502 240 432 282 353
202 274 219 195 93 265
135 438 115 322
841 3 202 29 374
783 211 289
555 29 339 296 92 219 218 405 247 351
353 416 92 195 219 144 430 74 369 395
274 14 92 339
529 92 195 219 227 268 323 265 70 167
200 92 46 249 448 133
558 195 61
207 50 339 115 189
613 195 219 332 206
93 265 289 220 376 366 219 195 14 346
616 92 169 178 167 274 303 219 195 265 310
652 137 462 337
611 29 115
282 416 315 354
745 416 213 74 315
614 351 482 41 410 371 471 180 389
440 448 294 227 175 7 102 471 208 323 268
309 451 115 344
716 326
382 213 150 42 325 165 229 334
166 92
294 176 331 314 85 195 92 219 192
850 99 332 430 92 219 195 350 46
28 405 311 27 362 294 92 332 465 160 214 258
770 372 177 165 274 25 367 453
71 362 19 374 409 265
464 143 50 299 219 265 135 126
506 195 219 92 41 179 76
108 195 135 314 319 263 472
847 41 27 431 180 220 374 218 251 435
621 42 355 289 93 229 79 92 219 195 327 265 418 374 165
503 473 269 93 460 334 41 374 265 219 15 483
406 14 219 79 265 416 220 229 195
665 438 220 265 339 29 143 50
803 29 126 213 158
785 315 115 458 477 314 92 219 27 195
527 41 317 294 92 237 150 126 165 213 68 175 343 195 265
751 314 331 219 195 353 442
145 317 362 162 165 310 244 289 456
892 29 438 339 14 175
620 354 333 458
676 11 56
518 426 14 317
18 402 334 264 165 14 39
127 413 93 183 127 343 126 219 165 265 150
808 462 180
174 75 439 94
640 392 195 317 144 178 455 32 325 289 29 54 12
29 93 195 219
192 325 344 126 477
3 92 195 219 29 374
133 416 219 195 80 111 48
522 27 272 374 410 175
582 265 92 195 219 416 125
744 314 82 250 295
302 34 308 100
7 92 39 80 471 229 334 111 126
899 465 293 115 138 458
543 354 329 416
786 237 160 304 27 363 467 57 361 468
520 288 115 46 92
138 289 374 27 41 332 213
260 54 374 317 289 12 362 291
639 92 374
756 27 416 353 86
902 118 130 86
217 92 219 144
278 314 92 27 287 265 319 324
954 92 32 255 314
403 213 395 29 332 389 37 259
811 7 213 416 50 219 195 422 399 14 395
726 92 219 195 476 237 228 93 70
445 112 304 14 126
838 265 362 92 195 185 244
656 92 213 106 332 465 374 265 126
755 113 57 362 175
828 229 374 162 471 188 96 220
961 332 184 213
130 92 474
409 265 289 218 271
44 229 334 180
8 108 330 213 420
11 195 41 171 272 219 314 446
742 343 240 282 288 423 192
499 92 239 371 41 298 432
897 92 213 475 144 77 41 126 191 443 227 228
855 453 287 109 289 175 237 232
263 191 316 374 175 27 362 358 317 427
510 219 29 315
20 426 27 92 471 229 76
681 285 92 265 195 385 462 72 333
515 231 168 22 265 229 471 219 397 373
583 29 289 265 165 465
857 403 36 423 343 240 464 275
233 213 395 285 249 461
490 39 300 54 214
933 265 92 195 15
266 115 344 104
602 227 323 268 461 174
890 92 195 219 117 440 426 287 265
968 27 175 416 2 91 77 371 41 46 475
552 265
72 374 92 362 95
588 237
413 79 115 307 113 148 95
512 412 79 265 54 332 190 289 249 398
419 92 201 27 219 303 126 195
990 92 218 477
283 453 374 409 30 389 393 165 244
89 214 50 465 289 485 122 317 126
627 218 143 202 465 333
827 416 213 160 14 92 9 106
478 128 14 350 115 458 285
826 20 144 132 174 90 27
813 213 233 191 36 464 110 423 92
868 389 40
487 249 115
865 416 92 314 326 284
206 41 77 201
371 213 416 339 367
975 332 9 15 213 416 289 150 27 374
242 452 475 389
695 29 362 389 16 165 349 204 206
415 27 92 213 219 203 453 150
637 315 416 397 15 475
912 289 249 276 170 398
773 453 432 87 168 100
674 92 317 372 126
47 126 7 27 328 353 339 218 446
560 440 321 32 90 194 328 284
531 92 413 229 24 225 202 69 289
672 172 143 50 229 254 92 219 195 123
153 80 178 471 22 278
707 288 115 339 106 458
905 92 195 144 416 219 319 150
467 127 271 219 92 175 429 29 265 138 229
450 374 317 87 202 264 157
448 408 27 265 442 314 261 428
722 92 219 78 195
750 299 335 187 92 195 378 343 140
572 27 150 230 179 465
832 195 124 487 299 303
869 213 92
871 393 259 289 236
762 92 419 271 462 75
839 126 265 92
98 74 92 219 194
987 260 113 357 289
795 389 305 452
943 416 337 436 330
626 165 274 31 413 140 265 92 219 195 244
848 218 283 438 160 304 390
870 90 140 155
74 389
433 76 257 254 92 219 138
254 196 143 374 243
653 219 92 158
677 92 219 214 80 334 395 229 471 213
103 374 29 178 265 50 438 320
297 80 471 229 334 111 39 123 255 332 374
650 180 15 231
589 195 219 209 217 244 317 127 438
251 453 29 214 395 416 332 465 160
325 144 455 385 354 331 369
701 126 374 165 409
21 195 219 475 175 174 27
326 396 31
338 437 6 194
528 314 476 27 92 41
99 15
330 314 65 265 295 434 140 219 92
732 315
791 343 240 338 227 323 192 268 303 175
893 229 334 195 219 374 125 146 381 80 180
46 29 415 115 481 444 479
678 74 92 219 447 29 24 241
607 92 195 429
331 267 65 76
603 90 240 11 282 374 353 32 334
157 416 213 92 195 485 455
564 92 110 408 10 423 219 195 27 411 315 7
938 92 115 44 446 449 219 195 213 416 15
32 160 332 27 218 25 374 421 40 324 438
30 386 294 134
113 395 289 416 29 125
154 218 349
821 107 160 416 213 92 95
646 170
75 32 81 448 451 284
941 183 343 374 289 195 219 317 180 135
368 92 32 165
397 213 374 175 465 289 362 446 115 79 300 288
688 92 219 135 199 144 416 41 257 301
190 92 219 195 7 80 395
612 362 289 223 54 92 322 465 160 39 247 291 316 190
696 200 76 440 230
50 80 11 469 353 176 219
784 79 214 185 160 362
814 195 219 416 98 419 121 424 446 10 408 428
362 72 115 333
648 92 219 90 235 284 353
94 51 92 115 46 50 283 76
655 27 372 317
759 92 195 219 267 237 27 278 126 165
284 27 92 289 150 160 287 132 5
884 30 296 195 219 92 473 453
944 92 299 220 289
779 460 79 265
631 301 219 27 65 199 41 201 91 482 77 134
271 374 416 92 289 405 175 195 219 317
239 168 473 334 471 111
26 92 195 219 416 334 229 50 296 339 29
624 443 265 482 134 92 445 448
796 92 219 195 426 53
999 92 195 396 428 446
147 389 416 213 246 51
441 213 448 332 190
645 460 92 195 413 42 117 265 285
691 15 374 27 92 213 453
978 137
332 92 237 229 111 41
377 221 169 402 255 24
876 126 29 296 25 159 317 92 195 374 213 39
723 92 229 61 195 265 143 298
169 126 25 225 284 440
746 195 219 352 376 413 332
715 186 213 27 319 132 174 416 219 265
629 227 461 102 229 334 445 127 289
537 250 90 314 195 220 32 392
703 92 374 204
948 208 219 195 115 14 103 319 203 362
717 289 7 277 416 317 195 229
710 446 74 113 15
87 287 283 27 9 110 330 92
370 92 195 211 423
92 41 487 29 5
782 190 333 148 14
83 368
605 15 48 92 213 332
635 48 37 14 213 236
776 117 476 216 20 210 329
42 294 362 374 97 409 75 27 322 109
843 213 175 376 289 218 258
57 92 219 303 476 144
285 285
237 92 195 219 374 432
815 92 214 374 27 48
615 92 218
244 229 274 289 372 308 352 265 195 334 246
875 213 92 481 40
66 156 291 141 439 358 346
485 92 195 219 389 205 204
385 92 229 334 111 219 195 439 413 299
451 92 195 28 424 80 471 139
617 183 317 67 165
180 317 92 219 395 265 180
399 175 27 343
903 265
532 115 447 314 160 92 27
162 213 325
148 92 219 284 22
597 138 92
504 263 442 314 416
458 229 93 334 161 127 70 205 389 92
76 374 22 278 254
429 92 117 285 27 75
942 165 88 42 183 11 100
918 395 191 29 227 323 268 461 102
378 92 219 195 474 27 372
336 227 268 336
107 385 314 345 32 353 297
414 339 16 138 350 349
40 301 476
752 220 480 467 180
844 219 79 372 384 315
642 5 274
301 213 115 344
372 45
662 92 195 110 131 36 464 423 229 335
591 218 29 317
416 145 110 326 423 343 36 192 116 108
234 195 92 289 14 402 271 27
749 268 410 41 160
90 12 289 317 438 165
85 41 2 92 213 68 410 143
342 445 389 249
165 227 323 461 314 374 144 7 32
128 29 92 372 79 485 50 106
872 455 74 142 260 89
673 475 315 288 362 251 398 431 289 366
505 169 374 229 210
817 29 175 50 214 40 289
400 29 411 187 42
262 253 411 175 353 345
305 80 457 180
519 92 332 465 29 213 39 219
595 19 265 229 374 80 471 92 219 79 150
761 438 6 328 437 182
919 119 53 476
86 232 453 29 465 441
729 389 397 399 220
472 94 409 101
896 267 76 48 177 311 243
775 269 229
187 357
12 265 219 195 317 15
52 288 213 92 195 253 111 315 86 406 176 446
235 92 219 195
851 15 265 92 195 79 41 150 418 355
373 41 300 288 79 14 115 25 106
473 77 92 395 401 27 416 201 113 117 14
877 416 213 430 92 27 319 61 317
196 92 219 195
861 227 285 98 224 46 445 323 461
924 356 17
735 213 92 195 219 115 29
508 416 169 317
268 92 395 39 61 29 25 343
211 225 185 100 219 132
159 125 27 7 315 446
599 29 219 195 92 339 159 229 304 134
958 389 236 413 310 29 473 265
104 92 237 482 15 77 351 44 135
823 229 80 471 334 39 127 92 219 195
925 165 413 92 25 211 397 88
930 67 205 161 244
493 395
804 338 29 265 249
708 309 107 185 319 263
389 229 248 453
96 229 403
80 256 175 220 421
456 468 219 486 29 38 289 351 202
661 115
793 157 332 465 160 194
422 213 195 443 135 325 446 179 395
981 116 108 337 89
643 117 195 314 369 319 32
186 362 395 213 332 374
513 22 29 413 285 87
198 80 39 126 361
226 413 165 173 40 164 195 327 229
533 319 33 174 229 29 378
361 257 292 246 226
992 27 445 227 323
124 175 132 374 289 138
860 41 371 305 372 29
60 442 423 25 411 385 178 90
199 201 265 195 126 27 257
257 233 63 78
802 401 257 118 333 14
115 245 149
829 92 231 165 155 168 229 471
864 27 317 273 66
657 227 268 461 183 303 317
101 92 200 138 319 163 117
142 289 416 213 374 27 175 218 127 362 258 431
660 453 389 395 214 374
758 374 92 483
536 195 219 92 150 389 362 40
425 70 464
580 213 219 92 195 230 257 487
966 165 161 169
313 317 92 165
247 60 67 374 324
667 92 195 219 167 240 69
424 92 381 389 338
307 27 214 160 218 438 264
633 254 447 219 46 195
799 289 220 27 465
354 300 288 37 339 317
319 173 190 477
778 289 11 27
798 117 171 165 31 317 362
585 213 65
720 343 233 10
335 395 214 317 92 213 453 435
834 92 195 214 219 317 143 453
24 14 92 265 219 465 135 195 138 264
219 416 446
23 416 315 295 92 195
457 265 92 219 195 374
818 353
9 317 27 289 92 150 213
979 229 184 461 249 138 115 465 27
357 265 195 219 259 374 395 389 220 213 317 305 289 218 244 465
106 115 27
97 447 126
27 126 487 169 319 210 317 29 468 257 175 405
346 440 223 15
134 356 350 344 115 148
146 15 175 202 218
739 389 178 285 28 259 325 447
514 289 177 29
172 442 416 27 145 314
718 214 29 255 115 386 249 447
256 117
236 385 71 330 35
769 265 382 221
777 214 484 195
95 418 357 351 46 424
654 186 103 203 166 474 440
921 117 55
193 275 187 329
974 29 80 243 296 276 454
156 92 440 487
748 468 356 395 80 471
568 314 92 219 195 337
940 92 126 90 195
845 29 213 92 374 279 244 85 468
937 175 92 265 27 219 79 195 196 367 438
675 264 96 135 317 41 410 229
149 12 410 371 374 317 365 41 149
578 219 145 326 35 8
152 319 135 416 219 195 317 41 65 220 336
894 389 229 165 43 308 80 298
625 92 41 201 195 219
907 195 219 165 374
950 231 202
398 374 5 229 334 195 299
849 77 33 229 471 374 27
541 395 332 24 359
781 93 460 102 139
289 289 180 219 15 372 92 229 334 234 52
255 183 42 126 195 327 5
973 41 410
459 195 320 219 67 173 110 423 63
379 92 126 219 27 317 220 178 391
767 369 219 32 385 400 151 353
494 92 219 195 368 175
711 29 92 195 219 374 165 265 180 389
862 419 102
592 165 231 265 413
410 13 47
573 219 195 388 319 76 378
393 115 446 459 98 344 338 448 342
58 195 219 465 332 160 395 220 237 430
953 317 165 144 314
290 195 416 135 263 229 334 213 132
314 92 317 289 374 265 416 175 220 409 126 319
548 319 27 76 265 440 200 150
303 374 395 343 36 371 410 317
315 100
298 117 314 195 219 32
889 174 385 331
628 219 195 227 218 329 385
606 115 113 402 367 270
963 29 416 213
545 92 413 219 195 183
320 92 29 156 202 185
33 265 198 67 374 229 92 126
140 186 117 92 219 353 176 319
712 213 14 395 356 339
475 334 109 195 12 303 474 265 135 41 91
470 80 471 126 188
521 459 416 219 195 446 115
209 92 195 219 80 229 231
754 26 77 482 92 213 332
210 337 116 436
273 317 71 127 471 476 284 205 219 174 125 319
136 440 374 220
299 92 319 477
971 92 13 195 476 319 117 284 353
835 195 219 319 289 57 135 27 144
182 337 404
908 153 285
53 99 438 214 471 229 80 160 430
689 416 259 300 92 219 184
218 92 195 165 463
349 218 358 317 27 220 79 372 409
702 195 219 144 92 169
559 27 210 416 39 305 265 61 364
910 453 25 60 115 475
683 352 374 289 150 12 140 244
863 92 319 219 195 40 453 165 138
797 126 169 75 254 150
951 229 334 394
957 486 438 483 409 225
387 220 265 219 195 79 202
61 7 52 79 372 389 111 317
556 406 110 36
664 146 266 92 339
480 92 41 482 383 186 117 467 302
214 325 115 85 314 475 113 6
983 50 126 289
550 106 416 14 249 270
110 14 374 160
167 389 289 113 402 190
651 88 165 126 54 113 190 229 334
380 92 213 409 27 317 280
998 195 219 70 317 27 362
358 395 41 246 389
967 416 92 426 115 213
801 132 319 314 110 423 195 219 353 89
421 92 375 15
544 73 59
482 229 334 80 471 246 276 401 160
934 221 92 319
570 61 39
993 39 234 268 471 461 46
431 453 232 318 471 80 111 397
911 416 15 317 41 289 144
985 334 92 219 195 265 29 213 72 462 80 471 111
238 131 167
173 219 265 395 229
728 339
824 195 341 265 27 196 50 219 339 289
160 219 195 157 299 474 237 327
856 92 27 127 229 144 126 466
819 175 120 317 127 229 334 80 237
84 289 325 14 158
525 337 353
644 160 190
100 180 372 217 218
509 204 289 376 319 372 191
411 113 202 447
511 92 442 89 144 330 195 219
240 393 219 195 265
185 219 195 103 363 65 117
252 92 195 219 218 443
111 92 465 219 265 334 466
492 92 413 161 174 187 29 126 157 32
939 113 40
764 92 317 314 89 195 288 303
598 237 144 263 345 297 229 174 220 257
291 92 165
584 213 395 189 446 416
191 92 175 260 470 485 219 195 79 237
77 334 92 29 219 195
836 332 438 29 374 338 213
516 395 92 195 219 27 41 265 213 389
763 229 92 219 195 165 285 126
119 219 195 156 172 340 225 413
984 332 54 248 265 220 463
321 92 117 195 219 319 353 15
878 169 257 176
474 446 254 249 113 190 166 402
120 435 332 29
825 332 465 135 289 46
547 289 352 376 92 195 40 325 99
65 92 393 4
323 89 326 56 345 194 114
201 83 27 92 332 384 453
659 80 471 39 229 394 183 285 219
935 416 344 479
216 255 290 477 85
724 296 29 319 485 227 323 433 113 390
771 416 404 354 446 126 257 145 193 343
917 175
538 35 105
989 140 317 195 416 351 92 257
221 320 29
359 92 213 465 135
333 92 317 210 127 179 200 374
774 309 391 392 314 219 337 436 295 6 114
765 404 337 330 92 138 21
571 204 416 165 92 289 374 219 229
737 374 175 92 165 413 274 219 161
719 92 174 117 319 135 129 336
491 248 29 92 237
928 29 372 317 304 381 219 358 190
574 430 29 440 292 219 358 195 115 342 362 446 405
486 211 290
438 92 25 438 462
352 213 92 416 315 115 333 447
439 80 111 299 374
250 156 213 304 367 154 376 26
986 213 332 395 389 288 458
709 92 482 41 229 374 80 471 111 343
970 246 48 101 362 429 170
