951 255 328
551 302
12 270
931 232 90
739 396 253 341
647 391
481 302
737 15
506 189 270 70
555 298 397 322 36
884 329 133 419
423 152
304 302 152 263 329
962 323
902 152 35 59
585 138 475 236 471 134
736 356 444 15
723 152 289
406 242 42 353 407
935 230 472 63 380 329
801 63 419 120 338 438 377 114
676 438
783 360
62 416
922 389 144
391 27 144
501 380 419
33 471
947 451
743 464 43 264
631 163 334
143 455 289 329
502 451 329 33 161 156 438
868 480
803 144 289
281 118 289
600 63
109 175
329 30 129
839 381 22
194 438 289
147 305 192 398
789 22 343
776 302
141 42
872 169 125 92
17 329 438 292
895 218
914 172
883 23 144
964 397
26 233
138 276 302 95 34
525 284
720 160
181 329
397 10 281
370 40 81
529 289 274 118 76 208 22
155 471
89 206 396 151
260 161 403
685 256 403
40 144 348 233 441
681 365
955 449
656 397 161
846 301 347
204 359
330 186
32 248
577 93
411 368 57 445 172
797 438
3 192
121 152 72
833 161
23 242 262
546 90 447
905 179 322 10 62
305 63 398
707 152
982 48
387 468
523 172 248 412
146 302 95
367 161 127 385 482
763 222 220
280 169 328 0 248 273
670 285
933 481 467 1 257 50 373
87 438 359
615 133 289
756 429 224
913 242 44 22 130 438
980 348 299
607 78 70 471 148
492 242 302 358 297 449
448 39 152 188
242 22 127 172
645 118 296
464 397
722 36
191 172 237 248 416
446 348 33 322
402 92 307
379 329
315 213 478
632 30 281 3 442
320 22 265
597 9
455 458
840 416
269 22
77 289
290 211
152 295 473 62
313 248
695 22 329 302 127 295 380 281
72 182
885 409 329
691 329 127
8 356 90
241 299 63 120 380 118
291 322 239
875 242 236
170 282
190 182
657 30 64
912 302 292
761 5
924 165 103 318 269
377 379
127 242
901 406
81 49 481 123
58 302
765 148 9
636 302 22 161 248 19 397 62
349 267 154 39 8
432 76
297 473 389 397 360
925 256
500 132
876 141 302 172 49
605 302 127
328 473
234 114 152
135 142 296
160 438 192 292
829 302
310 265
497 329
499 336 63 322
621 259 144
44 248
904 302
587 299 153
543 281
958 289 353
375 22 248
505 474 289
588 106
536 329 128 453
719 397
702 358 1 224 397
938 356
957 22 438
988 40 92
356 292
729 36 397
486 172 449
255 90 289 399
25 302 145
39 117 133 148
460 39
439 302 62 338
937 417 22 36 414
1 449 92 251
30 167
799 71
978 417
38 322 114 15 438 144
689 377 399 328
822 92 218 191
380 90
99 382
538 152 172 438 289
748 243 53
821 329
866 49 412 156 461
932 284
777 27 308
856 184 92
620 302
917 204
71 49
507 470 141 302 416
699 302 438 118
137 182 191
985 417
221 192 473 172 322
586 449
134 322 152 63 120 76 289 184
863 348 292 444 192
732 302 62 342 6 182
790 329 127
139 438
114 144
804 422
798 416 36
628 233 456 298 13
673 374 293
293 103 340
378 137 120
524 422 246
456 313
508 274 152
750 172 338 438
609 101 27 314
11 175
407 321 22 289
385 22
233 22 116
899 153
604 302
512 277 417
457 348
548 289
926 152 233 214 88 407
910 245 407
618 329 172
850 329 416
578 302 449
21 397 356
640 379 161 329
130 342
891 307 270
498 85 441
454 302
344 152
921 340 318
690 39
215 200 316
254 368 274
238 438 4
983 114 152 144 242
598 22
869 469
817 317 365
338 360 243 53 74
162 454
859 244
427 449 415 319
653 231 69
614 118 274 42 240
954 42
751 207
864 161 417 22 49 226
69 385 36
447 302
245 222
959 236 22 397
915 336 248 356 322 119
419 329 113
563 175 327 302
900 329
867 22 338
476 39
582 305
565 172
424 468
979 302 172 22 398 179
727 284 172 148
183 302 120 419
740 114 289 127 360 175
220 99 353
791 161 287 329
627 329 172 160 144
489 302 172
842 233 263
744 431 446 353
557 233
256 180 301
967 76 407 219
434 329 219
392 172 62
610 42 277 90 416 182
169 302 172
589 217 393 253 482
403 416
784 172 292 121 304
404 257 276
420 360 275 25
643 213 53 316
348 22 482
712 240 419
442 10 40 322 183 63 419 284 127
714 449
469 471 302 152 39
973 449 258 274
558 76 127 241 468
518 438 133 117 42 76
314 258
258 416 242 27
667 144
773 259
45 257 449 154 92
510 76 261 289
879 27
120 206
540 161 68 103
318 44
4 22 438 248 322
519 416 242
599 401
674 283 397 36 184
436 211 391 419
966 22 329 302 49 138
923 217 438 397 22 329
888 417 302 152
389 248 322 172
382 416
560 63 144 243
827 438
757 51 397 172
834 429
257 335
911 461
836 455 90
186 284 175 242
223 172 302
298 416
762 299 289 63 212
950 246 217
541 9 380 120 379
778 380 167
175 322 37 90
671 416 347 256 78
440 36
906 219 292 464
22 144 248 289
46 193
27 133 22
80 152 22 161 38 103
425 111
209 144
213 449
661 443
477 329
119 42 333 284 267 184
450 161
946 233 417 10
271 248
461 137 384 263
802 302 233
171 477 60 144
928 302 414 443
612 381 161 167 127
771 233 236 473
107 397
613 43
509 91
398 318 215 322
807 438
129 131 259 213 53 417 125 397 38
168 161 90 322 49 302 246
835 329
545 117 172 243
417 22
472 419
128 386
809 36
810 246 117 15 161 90 471
668 397
301 172
418 90
747 322
680 3 296
591 302 292 192
561 274 379
302 123
811 76
229 248 263
412 127 22 114 375
715 141 122 98
576 329 302 22 76 242
532 348 322 144
828 353
903 152 426
333 62 438 313
433 127 172 438
31 329 176 407
131 22
977 302 22
159 62
678 137 124
633 110
275 397 329
830 468 135 267
341 139 133 5 6 197
716 149
306 444 18
311 449 219
334 397 311 431
495 287 161
230 299
697 328
611 152 263
105 120
775 438 295 167
276 338 136
559 277 94
197 273 161 149 210
820 223
579 329 182 449 10
54 47 480
940 284 187
108 274 289
251 302 99 212 365
583 289 419 353 438
205 416 135 264
485 242 35
136 123
487 322
193 172 133
874 392
294 329 368
494 175 419
279 295 3
236 289
144 391 329 417 438 348 90
837 127
992 302
140 428
435 342
470 6 167
74 175 475 114 36
462 397 302
63 329
122 338
145 76 221
593 329 287
106 329 242
886 417 438
325 175 95
672 329
405 329 117
410 38
793 292
975 63 383
342 287
766 76 117 22
788 382 318
683 402 331 79 22 292
513 119
972 425 279 92 64
266 49 416 353
703 144
426 435
399 92 443
343 36
214 288 18
792 117 90 302
115 419 380
264 289
219 289
163 261 172 423 206
852 325
112 161 365
222 145
466 236 302
849 360
969 173 364 233 22
556 318
353 416 141
227 293 277
252 175 284
553 469
202 175
920 22 302 74 405
942 22 216 228
882 22 464 121 144 454
180 416 22
55 482
730 90
780 90
649 22 172
687 10
57 242 431
815 219
759 22 329
167 322 49
216 152
795 278
812 442 22
570 438 144
608 438 123
704 189 22 76
6 484
527 51 397
283 295 172 161
471 358 224
989 64
431 449 182 6 271
364 329
212 305 302
934 62 127 217
818 117 63 482 289 22 416 219
971 263 62 338 342
575 415 449
571 347 83 6 256 78 364
210 465 118 81 222
231 182 92
698 407
854 255 121 19 152 219
70 391 302 416 161
774 144 49 36
300 390 298 220 7
373 438 338 10
514 309
943 263 169
701 329 393
282 220
452 267
484 42
596 353 92
346 348 138 233
760 463
76 104 8
51 292 144
458 391 318
745 302
441 288 249 301
459 322
781 152 233
896 277 127 153 243 425 263 172
770 78 196
897 144 36 172 338
974 62 148
528 22 10 275 398 172
602 242 184 321
126 172 389 175
686 329 49 437 106
273 155 108 417 22
475 148 355 284
963 302 371 438 322 221 397
853 419
675 102
534 66
717 28 140
362 416 180
41 302 358
102 118 360 302
562 398
665 184
164 40 322
483 407
641 180 256 144 242 6 347 357 482
165 438
987 386
782 190 117
208 406
768 292
93 358 224 212
368 116
664 380
646 291 315 27
351 153 433 302 289 22 233
496 324
228 302
986 422
75 318 153
157 289 420 40
0 154 322 118
626 63
35 33 55 274
734 438
796 233 126 329
414 277 179 302
623 90
749 416 58 431 95 302
474 52 416 233 226
124 114
503 289 407 81
2 22
843 27
79 329 308
826 161 137 192 389 189
779 243
550 160
272 5
741 169 11 362
638 242 284 416 302
336 127 375 250 397
103 361
700 308 276
14 118
731 90 117
265 200
808 50 395 457
111 329 397
16 229 449 81 76
651 90 248
429 417 51
490 172 416
357 348 127
64 329
416 289 149
268 98
332 15 22
637 133
858 172
726 30 48 272 263
629 302 322
480 329
616 172 27 372
192 22 372
752 329
189 81
34 438 437
515 468
894 65
218 90
324 338
18 35
287 90 353
630 397
247 356 161 289
376 380 27
465 144 330 172
90 340
203 364
660 93 144 62 302
753 248 322
28 302
860 28
267 159 215
478 138 22 124 353 287 197
184 443
877 230
463 458 182
42 248 223 329 397 127 438
564 397 358 257
383 449
537 295
617 329 117 68
78 416 203
363 370 416 237
166 22
415 10
948 63 299
125 329 295 182 373 449
878 94 118 264
535 295 397 308
323 144 289
206 413 180
511 302 186 299
819 127
110 144 53
711 287
644 22 76
445 441 10 453 49 127
832 144 259 288
161 380 120 474
371 296
871 27
261 292
581 438 236 391 138 127 443 172
568 397
249 237 60
742 233 114 122
728 222
366 338
916 289 144
20 242 216 302
930 338 295
572 72
47 329
326 397 172
521 200 213
787 22 353 92
848 144 161 348 49 329
270 56 256
825 471
669 98 416 414
554 22 204 38
